12980
13231
14063
13174
12818
13026
13174
12818
12818
12720
12608
12720
13026
13102
12494
13775
12604
12544
12604
12486
13059
12779
12005
12600
13041
13102
13059
13142
13174
12980
12818
12604
12708
14444
12818
12790
12708
12703
12690
12607
12818
13102
13102
12703
13487
12940
12940
12963
12962
13059
12708
12962
13139
14015
13903
13206
13233
13513
13419
13461
12962
13138
13539
13308
13233
12940
13086
13026
13056
13104
13104
13102
13174
14072
13308
13539
13174
13174
13539
14085
13571
14063
13341
14023
13901
14058
14160
14058
14096
13940
14062
13846
13720
13694
13614
13300
14336
13300
13539
13461
14030
13233
13059
13139
13751
13447
13174
13174
13341
14072
13571
13661
12965
12682
13174
13487
13026
13174
12499
12600
11876
14444
12988
13174
14023
15236
14096
13588
14139
13903
13807
14139
14062
13903
13174
13139
13341
13715
13300
13447
12013
13174
13102
14444
12708
13174
13102
12013
13174
13341
13300
13300
13102
12818
13053
12962
13233
13041
13174
13174
13333
13142
13174
12940
13104
12510
13102
13038
13105
12600
12690
12020
13026
13174
14063
13559
13174
14058
12734
12020
12020
11259
14444
11849
12693
12533
12013
11077
12331
12451
12020
12012
11531
11531
11876
11984
12308
11860
11860
12177
14198
13903
13233
13903
13041
12013
12010
13233
12020
11999
12604
12533
12424
11506
12020
12013
12690
13083
11989
12013
11941
11263
11263
11989
11400
11876
12013
11097
11453
12010
11506
10860
11097
11412
10813
11072
11906
11300
11300
10980
10980
10980
10980
12010
13171
11100
10980
10838
11555
11289
11590
11555
11328
11328
12059
11891
11499
11321
11072
10918
10688
11669
11394
11394
10860
10493
10712
11100
11085
10494
11023
11300
11045
11059
11009
11453
11013
11045
11394
11555
11590
11100
11394
11073
11394
11394
11394
11818
12059
12001
11394
11394
11931
12149
11453
11931
11941
11300
11394
11506
11543
11394
11874
11428
10961
11484
11428
11394
11394
11394
11590
11138
11152
11721
11394
11138
11124
10950
10813
10813
11152
11522
11126
11453
11539
10980
11906
11590
12013
11394
11555
12020
11906
12020
12020
11906
11941
11967
11929
11891
11941
11876
12008
11942
11876
12020
11321
11818
12020
11929
12169
11989
11937
11967
12020
11890
12072
11869
12072
13059
12020
11876
12013
11970
11942
12308
11931
11931
11941
11941
11931
11905
11555
11544
11394
11394
11906
11874
11575
11931
11590
11394
11926
11506
12604
12957
12807
12013
12020
12013
11989
11874
11937
13341
11937
11937
11937
11263
8677
9308
9282
9578
9380
9341
8911
8716
8786
8677
8677
9164
8677
8833
8677
8278
8375
8677
9198
9063
9061
8911
8520
9110
9110
9201
9539
9747
9061
9834
9827
9539
9590
9360
9590
9184
9590
9590
9397
9921
9147
9040
9208
9590
9827
9647
9834
9540
9578
9204
9110
9201
9530
9099
9834
9341
9468
9198
9308
9090
9090
8705
9099
9110
9193
9099
8940
9146
9061
8539
8539
8912
9468
9241
9201
9143
9113
9113
9113
9827
9590
9590
9061
9578
9590
9624
9590
9632
9986
9747
9632
9484
9632
10063
9590
8502
8278
7990
7990
8278
8278
7990
7985
8051
8051
8143
8051
8110
8438
8339
8387
8438
8277
7868
8051
8171
7786
8051
7926
7639
7657
7868
8138
8399
7776
7776
7776
8383
8677
8639
8429
8430
8351
8285
7948
8061
8039
7875
7926
8051
8051
7639
7564
7499
7511
7469
7449
7426
7411
7399
7321
7138
7405
7638
7776
7638
7191
6973
7138
7069
7638
7941
6973
7638
7191
6980
7193
7273
7364
6973
7405
7405
6980
7069
7273
7321
6973
7328
7417
7321
7617
7638
7638
7405
8051
7558
7449
7419
7394
7086
7330
7289
7330
7245
7245
7638
7348
7289
7330
18238
18360
18169
18360
18360
17900
15236
17081
17081
15236
17365
17365
15045
17081
16096
16096
16051
14562
15045
15461
14539
16666
14342
14336
17365
16666
18280
16666
14779
15450
16666
17365
17365
16666
16977
16768
15938
17365
17365
16041
15182
15411
15940
17034
18057
18169
17600
16666
16666
16768
17221
16768
14980
18280
17900
17365
17067
17937
15411
16666
14072
13605
13142
13171
14198
12779
13622
11885
11989
12013
12020
11942
13142
14342
11984
11163
11989
11954
14582
16666
16666
16041
15411
14096
11966
14198
13846
14590
17081
13846
13846
16666
16666
18280
15897
14986
15432
13588
14096
13300
14096
13059
14096
14085
14434
11891
12604
13846
13846
14940
14693
12020
11891
13139
14562
14779
14779
13183
12020
12509
11989
14096
15779
12264
12493
11989
13903
15411
16411
16563
13731
16666
14986
15308
14096
14096
14318
16666
15490
15383
13937
14023
16666
14023
14023
15490
13102
13233
13233
14318
14023
14342
13174
13104
13333
13104
13232
12486
12720
13333
12720
13102
12300
12300
13174
14096
11989
12013
11972
11941
11967
12779
13059
11876
12013
11931
13059
14082
12013
12020
11989
12013
12013
12315
12012
12008
11876
12012
11942
11937
12072
12072
11597
11891
11876
11506
11506
11649
10980
5531
5245
5084
5011
5214
5214
5214
5214
4811
4811
5020
4891
5037
5037
4811
4811
4913
5037
5053
5037
5084
5037
5037
4811
4811
5131
5400
5084
5084
5400
5547
5631
5400
5400
4811
5084
5214
4811
5037
4811
4811
5400
5037
5084
5084
5400
5085
4811
4811
4811
4811
5214
5085
5085
5547
5131
5214
5037
5062
5006
4811
4811
5084
5037
5037
4811
5084
4811
5037
4811
4811
4811
5631
5405
5264
5214
4811
4811
5084
5405
5264
5091
5084
5776
5800
5332
5400
5400
5214
5405
5451
5214
5405
5084
5084
5214
5214
5004
5084
5017
4811
4929
4811
4811
4811
4811
4929
4847
4811
5037
4811
5060
4631
4902
5230
5037
4839
4631
4631
4833
4773
4929
4929
4631
5084
4847
4811
5060
5084
5037
5020
4811
4811
4929
5020
5020
4929
4811
4811
4811
4902
4712
4472
4631
4631
4631
4631
4479
4631
4847
4754
4631
4847
4631
4631
4422
4486
4422
4631
4451
4346
4456
4456
4577
4453
4422
4381
4631
4332
4312
4422
4422
4422
4499
4631
4405
4422
4539
4486
4481
4631
4381
4486
4631
4631
4405
4491
4577
4631
4491
4446
4465
4481
4405
4631
4320
4486
4340
4631
7919
7405
7405
7499
7440
7419
7639
7026
7069
7069
7638
7193
7364
7575
7069
7525
7638
7405
7386
7138
7623
7277
6930
7405
7638
7738
7749
8005
7638
8677
7961
6750
7639
7639
7639
6998
7095
7638
7469
6990
7638
7776
7639
7776
8384
7639
7676
7468
7591
7776
7639
7419
7776
7575
7776
7776
7419
7203
7499
7202
6973
7321
7321
7201
7054
7405
6973
6847
7095
7321
6847
7273
7278
7321
7564
6980
7069
7558
7321
7575
7543
7330
7405
7511
7638
7543
7405
7467
7639
7638
7787
8155
7449
7138
7195
7386
7638
7638
7364
7638
7419
7364
7364
7564
7405
7405
7280
7237
7405
7638
7776
7725
7405
7405
7520
7405
7405
7447
7405
6980
7095
7095
7499
7394
7638
7638
7405
7273
7680
7558
7638
7638
7469
7499
7171
7405
7416
7436
7469
7449
6973
7095
7095
6847
7095
6800
6847
6638
7095
7064
6638
6847
7095
7069
7961
7969
6973
7273
7776
7516
7639
8051
7506
7485
7469
6980
8171
7638
6980
6980
6990
7273
7372
7776
7680
7776
7638
7501
7680
7776
7680
7680
7405
7631
7990
7564
7138
7720
7638
7405
7911
8061
7639
7638
7786
7638
7786
6805
7638
9145
8783
8494
8383
8300
8110
8383
7776
7776
7786
7786
7786
7786
7786
7909
8051
7564
8051
8051
7883
8142
7958
7638
7776
8130
8383
8677
8539
8321
8383
8604
8086
8193
8086
8062
8172
8321
8172
8143
7909
8062
8101
8224
8051
8438
8101
8465
8101
8638
8398
8110
8051
8677
8677
8725
8677
8539
8539
8334
8289
7926
8084
8383
8092
8321
8289
7868
8139
8186
8051
8051
8051
8677
8572
8417
8138
8138
8171
8677
8138
8333
8677
9164
9195
8725
8677
8677
7985
8360
8600
8438
8064
8064
8064
8051
7868
8129
8128
7926
7786
8064
8051
8142
8015
7906
8142
8172
8383
8617
8383
8438
8399
8197
7787
8217
8084
7990
8406
7990
7868
7868
7786
7786
8438
7636
8109
8051
8051
8572
8051
7868
8051
7786
7776
6973
7499
7405
7776
7501
7776
6980
7069
7069
7069
7069
7420
7026
6847
7095
7094
7061
7405
7155
8171
8171
7638
7155
7155
7155
7171
7171
7155
7171
7069
7069
7069
7069
7069
7069
7069
7069
7069
7062
7069
6980
7061
6990
6792
7084
6847
7499
7178
7638
6847
7155
7155
7638
7638
7868
7674
7638
7638
6980
7386
8061
7868
7961
6980
7564
12013
13300
12720
12013
12200
12572
12600
12020
11931
12012
11989
12493
13059
13174
12486
12499
12013
12020
13102
13051
13083
11989
12440
13102
13174
14102
14063
14062
13768
14102
13903
14490
14096
13978
13937
14081
14571
14061
13903
13903
13661
14015
14139
13233
14050
14393
14012
13539
13768
13588
13059
14064
13539
13903
14496
14434
13903
13903
13846
13588
13614
13300
14417
14434
14325
13937
13699
13300
13142
14094
13539
14015
14093
14096
14096
14085
14428
13978
15136
15146
13950
13963
14083
13673
14091
14070
13953
13903
14139
14093
14061
13905
13509
13461
13508
13183
13491
13461
13142
12493
13233
12510
13461
13174
13166
13333
13139
13102
13027
13138
14102
13174
12005
12962
11931
12690
14444
14444
11804
11925
12020
11941
12013
12790
12818
12815
12013
13174
13139
12940
12720
12962
12779
11941
11885
11816
12720
12510
12509
12308
11876
11931
12020
11394
11967
12308
11931
11522
12010
12020
11972
11885
11394
11394
11258
11149
11300
12682
12962
11931
11937
11941
11941
11906
11349
11941
11941
11394
11428
11941
11741
12013
12012
12010
11394
11701
11394
11320
11394
11394
11300
11394
11323
11394
11394
11522
11669
11649
11328
11394
11958
11931
11453
11453
11988
11697
11604
11657
11695
9376
9107
9110
8394
8428
8282
8383
7868
8051
7776
8051
8438
8384
8268
8116
8116
8122
8101
8539
8109
8178
8372
8051
8336
8572
8697
8677
8572
8539
9090
8677
9204
8539
8330
8543
8558
8937
9090
8285
8550
8677
8748
9107
8776
9241
9146
8948
8437
8948
8518
8539
8705
8539
8881
9113
9195
9195
8934
8805
8438
8481
8558
9110
9193
9400
8677
8776
8786
9048
8786
8705
8747
8783
9341
9308
8786
8925
9154
9367
9341
9110
9147
9099
9138
8786
8980
9110
8808
8787
8808
9110
8697
8453
9480
9110
8721
8425
8698
7985
7868
8438
8725
8488
8783
8020
8051
8277
8313
8539
8192
8776
8677
7868
7868
8254
8539
8438
8250
7786
7961
7981
8698
8143
8383
8383
8438
8572
8920
8776
8639
8138
8138
8390
8367
8578
8572
8243
8320
8572
8005
7525
7868
7499
7499
7564
7525
7638
7431
7084
7494
7405
7564
7638
7405
7499
7405
7095
7558
7705
7776
7638
7405
7405
7558
7501
7469
7332
7405
7449
7328
7419
7263
7006
6980
6980
7230
6847
7290
7095
7638
7680
7449
7405
7449
7469
8155
7639
7638
7449
7449
7558
8051
7364
7543
7405
7245
7449
7473
7069
10084
9389
9113
8394
8420
8536
9178
8721
8426
8420
8438
8460
9193
8786
8420
8301
8368
8438
8677
8509
8677
8677
8215
8558
8791
9003
8783
9201
9061
8911
8934
9146
8721
8698
8721
8721
9110
8955
8300
8278
9201
9113
8988
8783
9375
9561
9241
8934
8921
8814
8539
8677
8990
9590
9827
9990
8725
8948
8941
8697
8721
9113
8783
9195
8493
8677
8604
8331
8677
8787
8384
8776
8948
9468
8677
8725
9198
9201
9062
8787
8499
8579
9164
9202
9242
8554
9201
8783
8677
8677
9163
8948
8917
8814
8285
8783
8783
9201
8934
8520
8746
8754
8682
9143
9200
9107
8786
8556
8677
8515
8539
8543
8515
8321
9143
8726
8539
8146
8282
8321
8051
8190
8572
8600
8640
8698
8677
8640
8721
8411
8539
8539
8677
8677
8347
8300
8254
8250
8398
8417
7948
8254
7868
7499
7786
8038
7786
7776
7434
7776
8051
8212
7809
8017
7705
7417
7705
8087
7564
8051
7725
7417
7680
7275
7155
7155
7405
7237
7315
6980
6980
7061
6980
7070
7321
7007
7315
7069
7069
7069
7069
7388
7328
7069
7062
7386
7564
7469
7720
7638
7638
7776
7638
7631
7638
7738
7738
7913
7520
11100
12020
11555
12020
11555
11941
11169
11277
10660
10494
10846
11126
11555
10282
10494
10792
10475
10475
11009
10533
11394
10980
10813
10980
12008
11590
11394
12010
12072
12818
12486
12818
12608
11906
11263
11741
11941
12015
11608
11575
11649
11849
12441
12424
12486
12215
11860
11695
11394
11300
11941
11849
11937
12020
11640
12020
11941
12020
11857
11506
11669
11967
11394
11967
11857
11857
11876
11984
11942
12057
12061
11876
11818
11931
11942
11931
12072
12072
13083
12072
11931
11931
11931
11499
10885
10980
11506
10885
11023
11300
10980
11005
11009
10751
10660
10475
11009
10475
10604
10206
10405
10419
11009
11009
10910
11100
10843
11590
11519
11100
11536
11555
10980
11154
11300
11394
11394
11171
10980
10686
10480
10846
10621
11085
11005
11147
11555
10980
10980
11171
11012
10980
10792
11015
10852
10617
10813
11124
11005
11103
10617
10494
10084
9578
9510
9921
9921
9241
9590
9665
9921
10509
9921
9569
9539
9986
9827
9389
9590
9590
9827
9986
9986
9854
9510
9590
9921
9241
9590
9590
9211
9198
9590
9510
9496
9932
9827
9147
9303
9401
8948
9201
8934
8948
9201
9539
9389
9854
9389
9241
9468
10186
9556
8725
9833
8974
9480
9539
9827
15870
14940
16048
16024
15490
15493
15045
15174
14980
13901
14342
15206
16023
15103
15323
14211
14980
14720
15383
16041
16666
14990
14590
16041
16041
16041
16666
16666
16937
16666
16937
18231
18169
17081
15870
15450
16768
17036
17067
17365
17067
18057
17535
18047
17365
17365
18280
16768
17365
16036
16768
16768
17034
17034
17535
17535
17365
17365
17365
16206
17365
17081
17067
17067
18057
18057
17365
16980
17067
17849
18360
18057
18057
19070
18057
18180
18057
17680
19100
18653
17535
17535
18280
17365
17365
16051
17365
16096
15086
16036
16041
15411
15411
15447
15232
15411
15603
15102
15320
14963
14963
15525
15320
15174
15206
15017
15422
16666
16200
16048
14986
14986
15183
15136
14978
15612
15017
13901
14493
13901
14093
13572
14571
14310
14940
14940
14940
15086
14978
14986
15279
15017
15118
14765
14094
14490
14590
14493
14490
15118
13978
13903
13903
13086
13661
14081
14174
13813
14015
13903
13493
14093
13937
14004
13762
13903
13903
13846
14030
14081
14081
13846
14012
13551
13588
13461
13571
13571
14015
14012
13510
13571
12957
13588
13263
13102
12912
13448
13174
13539
14023
14693
14002
13596
14081
14469
14096
15045
14096
14061
15118
15011
13596
13846
14693
13869
13869
14072
13937
22040
19996
19100
19016
19046
19070
19995
19716
19289
19995
19596
19147
19995
20081
20151
19070
19590
19490
19590
19590
20151
19590
18360
19077
19590
19997
20557
20151
19997
19499
19716
19995
21081
19981
19521
19995
20044
20041
20151
20151
20151
21772
21081
20109
21768
20139
20503
20201
20153
20153
20109
20201
20139
21081
20139
22040
21176
20139
20139
19864
19713
20151
21008
21008
20557
20151
20153
20151
20487
20557
20181
20109
20151
19981
20139
20151
22090
21081
21768
21081
19981
19981
21103
22090
22090
21100
19961
20151
19997
21176
22222
21009
20139
20002
20002
19997
21008
20139
20139
20190
20151
19997
21081
19997
20139
20190
21011
20153
20139
21008
21009
20139
20139
20201
20139
22222
20601
21103
19995
20043
20153
20151
20151
21768
21104
20139
20139
21081
21008
22090
20151
21081
21103
19995
19510
19469
20149
20139
21008
20750
19184
19100
19115
19100
18360
18501
19100
18360
18501
18501
19100
19360
18041
19360
18505
18451
17849
18360
19590
19686
19289
18057
18280
18451
17680
17535
17535
18360
18360
17849
18360
17067
18057
18280
18360
17535
17849
18057
17614
18185
18180
19774
19499
17991
18360
18529
17849
19469
18503
19469
18360
18360
17365
17600
19309
19298
19100
18360
19115
13937
13978
13978
15461
14096
15236
14059
14034
14056
14091
14093
14093
14293
14206
14062
14174
13905
13905
14139
14293
15118
14424
14174
14419
14419
15118
15461
15490
16666
16096
16768
16666
15263
14940
15182
15182
15411
17034
14980
15182
15870
16666
17036
16034
14980
15411
15897
14944
14963
14944
15278
14963
15840
16384
16768
15894
15846
16081
15783
15505
15417
15940
16081
16768
16666
15940
16041
15897
16036
16041
16041
16206
16034
16667
16041
16041
16768
17072
17067
17365
16041
15783
16206
15688
16208
16321
15894
15614
16105
15940
15940
16041
15588
15783
15819
15086
16041
15612
15422
14944
14957
14680
14490
14963
15308
15143
15332
15325
15259
15612
15303
15301
14680
15301
15165
15612
15017
15122
15122
15122
13901
14003
14988
14990
15105
14963
15221
16036
16666
16036
14940
15045
15493
16707
14986
14980
14937
15675
15650
16474
14493
14342
14096
14023
14072
14419
13901
13937
13937
14469
14062
14198
14096
13978
14096
14434
13978
13903
14081
14015
14015
14030
14017
13937
13680
13846
14198
14093
14062
14424
13905
13694
13903
14050
14085
14119
13937
13661
14015
13903
14139
14050
14085
14081
13940
13846
14070
14062
14419
14460
14693
15102
14063
14151
14093
13903
13903
13846
14085
9341
9110
9061
8787
8677
9061
9061
9201
9020
8690
8705
8647
9143
9143
9110
8282
8677
8738
8835
8990
8772
8725
8539
8487
8677
8787
9208
9171
9110
8697
8786
9110
9287
9154
9146
9110
8933
8783
9110
9110
9110
9073
8914
9110
9143
9387
9110
9214
9101
9110
8705
8783
9110
9110
9214
9461
9147
9110
8479
8677
9099
9184
9110
9154
8677
8705
8686
8705
9063
8952
8539
8639
8847
9204
8783
8909
9171
9051
8847
9095
9110
9110
9320
9241
8921
8914
8726
8783
9116
9288
9181
8954
8921
9110
9110
8743
9193
9113
9110
9110
8697
8705
8705
8687
8846
9110
8539
8690
8783
8783
8677
8881
8882
8250
8638
8600
8383
8282
8420
8487
8080
8572
8787
8776
8927
9091
9099
9099
9308
9090
9201
9110
9245
9305
9308
9099
9203
8711
8660
8509
7931
8005
7786
7638
7787
8051
8051
7564
7558
7680
7868
8003
7564
7805
7776
8002
7461
7680
7905
8051
8051
7909
8051
7680
8167
7499
7786
7990
8197
7558
7396
7638
8197
8197
8017
8024
8051
8101
7875
8051
8364
8285
8051
8197
8399
8383
8383
8131
8282
8396
8396
8677
8138
8138
8139
8383
8572
7931
7990
7793
7639
7449
7405
7405
7494
7638
7638
7405
7405
7203
7214
7405
7405
7214
7095
7095
7273
7054
7095
7505
6980
7095
7095
7214
7405
7405
7631
7564
7405
7285
7405
7776
7420
7514
7449
7422
7405
7543
7420
7638
7514
7417
7520
7776
9176
7868
7564
7786
7520
6978
7639
7638
7564
7674
8024
8130
7990
7564
7494
7564
7469
7564
7776
7577
7405
7340
7203
7386
7449
7405
7364
7639
7640
7405
7332
7638
7416
7575
8009
7776
7680
7419
8051
8009
7525
7564
7680
7680
7564
8051
7680
7725
7809
7680
7449
7786
7638
7638
7617
7449
7321
7275
7386
7449
7405
7321
7214
7405
7480
7638
7638
7499
7069
7416
7776
7405
7193
7061
7187
7405
7064
7638
7638
7638
7961
7961
7520
7919
7961
7638
7945
8051
7969
7786
7564
7499
7499
7558
7623
7364
6973
6847
6847
6847
7155
7095
6694
6539
6638
6847
6805
6666
6847
6847
6539
6539
6805
6805
7196
7069
6417
6638
6638
6805
6539
6539
6847
6539
6530
6530
6530
6530
6438
6530
6530
6100
6100
6075
6075
6193
6075
6075
5960
6165
6228
6428
6428
6678
6428
6530
6666
6428
6428
6539
6428
7069
6805
6779
14096
13026
13026
13588
13588
14015
14096
13508
13792
13694
13509
13139
14183
13233
13174
12965
13174
13233
13539
13425
13539
13093
12013
13174
14081
13341
13555
14081
14062
14174
13940
13086
13846
13792
14083
14081
14070
13768
13539
13509
14015
14142
13510
14002
14081
13846
13614
14124
14124
14015
13035
13102
14023
14342
14174
13978
14081
13571
13056
13360
12008
13206
14023
14023
13233
13339
12264
13086
13093
13174
13333
13139
14023
13239
14085
13174
14085
13903
13174
14081
14081
14091
13571
14342
14085
14015
14015
14002
14015
14096
14096
14393
13905
14096
13963
13493
14081
14198
13905
13807
13846
13510
13493
14142
14434
13846
14012
13903
14025
14061
14059
15017
13978
14081
14096
14096
14015
13963
14091
13905
13937
12720
13059
13846
13846
14085
13937
13937
13937
14015
14093
13892
14342
14203
13903
13846
13509
13601
13487
13819
12932
13151
12005
12278
12499
12701
13102
12215
12013
12720
13104
13174
12720
12962
12510
11967
12215
13239
12708
12818
13139
12818
12720
12720
12440
12544
12600
12708
12604
12215
12012
12403
12215
13154
12980
12486
13081
12720
12875
13102
13102
12962
12986
12986
13086
13081
12446
12980
13138
12940
12940
13174
13102
13102
13102
13341
13174
12860
12013
15846
15490
16023
15783
15086
15588
15259
15588
15259
14600
13901
14600
14289
14562
13937
13807
13588
14093
13901
14096
14308
14096
13699
14093
14419
15118
16041
16666
15411
15490
16096
15045
15045
15045
15411
15490
15259
15612
15325
16036
16384
16041
16041
16041
16081
16666
16361
15584
15707
15783
14897
15581
15612
16163
15483
15779
15601
15521
15383
15183
15456
15682
15588
15452
15419
14860
15720
15548
15480
15090
15051
14940
15419
14841
14751
14521
15174
16041
15419
15450
14809
14986
14963
15783
15183
14562
14705
14783
15017
15118
14963
15017
14667
14734
14451
14093
14493
14846
14198
14451
14072
14062
14096
14059
14093
14030
14096
13493
13846
13510
14050
14096
13588
13056
13745
14023
13059
13233
13174
13174
12720
12690
13539
13616
13539
13323
14058
13588
14023
13940
13940
14096
15118
14096
14082
13978
14460
13699
13093
13509
12493
13341
12682
12013
11804
12013
11989
11960
11937
11905
12020
13105
11997
11876
11937
12572
11669
11931
14023
12486
11937
12608
11931
12020
11972
11942
11876
11874
11937
11958
11321
12177
11506
11874
11649
11669
11608
11608
11394
11931
12072
13083
11937
11967
12708
13086
12604
12072
12815
12510
12708
12818
12724
12779
12779
12494
12510
11885
11876
12962
12818
11989
11967
11954
11876
12308
11937
11876
11864
11996
12157
12604
12604
12012
11869
11791
11869
12010
11876
11876
11937
11377
11555
11937
12604
11818
13233
11890
11984
12012
12215
12708
12013
11967
12215
11989
12012
12012
12779
12512
12581
12308
11821
12308
12708
11932
12512
12779
12020
11506
12012
12486
11876
14023
13333
12486
12215
12572
11876
11941
12020
11967
12020
11876
11669
11874
11394
13333
11931
11931
11818
12424
12424
11876
11937
12424
12072
12072
12072
11807
12331
11807
12779
12533
11876
12012
11967
12818
12708
13171
11989
12012
11989
12572
11931
12001
11818
11989
11989
11992
11931
11992
11997
12012
12012
11869
11905
11937
11995
11951
11931
11695
11640
11967
12020
11669
11958
11984
11514
11972
11741
11902
12020
11967
12020
11906
12604
12208
12012
11906
12215
12604
12604
12020
11972
11584
11967
12215
11876
11506
11274
11300
10792
11097
11100
11274
10792
10581
11300
11790
11394
11169
10830
10813
10792
11009
11021
11394
11045
12008
12013
11073
11394
11013
11147
10980
11394
11147
11013
11152
11059
10876
11073
11100
11483
11321
11394
11013
10950
10800
11453
11081
10813
11108
11005
11005
11100
11045
11506
11394
11394
10792
11250
11506
11506
11045
11108
10876
18231
16666
16937
15894
16041
14860
15783
16206
16036
15639
15638
15601
16023
15783
15783
15122
15529
15612
15663
15675
15882
15783
15538
15261
15608
15608
15808
16666
16666
16768
16768
16768
15608
15783
15870
16768
15475
16768
15707
16122
15783
16666
15858
16024
15525
17366
16041
15819
16041
15419
15139
16041
16041
16768
16768
16768
16768
16206
15694
15086
15493
15588
15783
16422
16206
15783
15259
15419
15588
15783
15293
15293
15263
16041
15940
15612
16041
16422
16041
16041
16041
16041
16041
17365
16323
15813
16034
16041
15894
16484
16206
16206
15236
16041
15852
15572
16198
16206
15490
15870
15320
15259
14963
15259
15588
15588
15086
15233
15419
15584
16051
16666
15490
15840
14963
15572
14980
15102
14846
14846
15086
13901
14841
15126
14988
15783
15383
15612
16051
15448
14963
15780
16034
15811
14988
14987
14963
14963
14963
14980
14593
14096
14096
13300
13588
14023
14023
13616
13174
12962
13768
14023
13571
13539
13174
13903
13341
13539
14023
13940
14096
13903
13661
14030
13174
13174
12965
13341
13422
13102
12510
12510
12510
12533
12604
12604
12020
13104
12192
12493
12815
12807
12013
12308
13053
13053
14444
13233
12440
13333
13070
13233
12486
12809
12486
13102
13102
11942
11942
16666
16666
16666
16666
15800
16768
17036
17365
16081
16041
16041
15783
17365
16200
16110
15383
15604
15476
16336
16336
15762
15413
15783
15707
15493
16295
16361
16666
15411
16041
15419
15278
16768
16325
17325
16666
16041
16093
17034
17036
18280
17081
16768
16666
16094
16768
15826
16093
16206
16041
15650
15783
16041
16768
16666
17041
17365
16034
15584
15383
15783
16707
16768
16287
15688
16034
15940
15894
17228
17365
16072
16041
17041
17041
17325
17325
17903
17067
17365
17067
17535
17067
18237
18177
18032
17034
16980
18237
18360
18003
18057
18280
17067
17365
18231
16036
15905
17365
17067
18231
18231
17365
16666
16384
17325
17221
16768
16768
16768
16768
17036
16521
16768
15493
16448
16768
15432
15783
15461
16768
16036
15779
16768
17365
16036
16048
18231
16937
16707
16384
16206
17034
17912
17034
17365
16384
16094
15894
17365
16361
15432
14944
15045
14944
15017
15086
15045
15261
14846
14963
15122
14944
15122
14940
15122
15122
15009
15017
15118
15456
15450
14944
14963
14419
14779
15122
15456
14940
14807
14807
14779
14807
15011
14963
14940
14940
15045
15174
16036
16036
16038
16208
16081
16036
16041
15779
15538
16041
16190
16041
16041
16143
15538
15783
15813
15813
15813
15656
15747
20557
19115
18360
18047
19499
20557
20151
19499
17900
18790
19100
19997
19100
19590
19100
17849
19309
19309
19115
18360
19997
19844
18280
19115
19115
18360
19070
19774
18057
19360
19360
19298
19671
19100
22222
22090
18057
18529
19499
20139
21081
21104
21104
19499
18801
19781
18750
20151
21081
19774
18360
19540
19844
20900
22841
24451
22841
20557
19997
19100
20151
19070
19540
19854
20047
20139
19100
19360
19590
19100
19590
19115
21160
19841
19100
19100
21072
19499
19100
19280
21081
20151
19852
21772
23041
20900
21081
20900
22090
22090
22222
22090
20920
20139
21081
19716
20920
21008
22222
22222
21081
20109
19981
19981
22090
21008
19070
19499
19997
20139
20139
21011
20213
19309
19995
19997
19218
20151
19981
19716
19100
19115
19590
19716
19844
20557
22090
19981
22090
22090
19981
19981
21011
22090
19981
19596
19716
19844
19852
20151
19280
19100
18360
17081
19774
19270
18360
18360
17072
18280
18503
18360
17535
17680
18047
17535
17365
17325
18169
18280
17991
18360
17849
18057
18198
18057
18177
17067
17535
17067
17365
17365
17365
17067
17067
17365
16768
17365
16768
17365
17535
17365
17365
17365
17081
17067
17365
17365
17365
17067
17067
17067
15493
16783
17365
17365
17067
16419
15894
17535
16041
16041
17036
17365
16048
16768
16206
16768
15456
15783
16206
16260
16256
15783
15357
16612
16100
15232
16447
16206
16768
15471
15688
15940
16206
17036
17041
17365
17236
17036
16768
17036
17365
17365
17081
16666
17365
17034
17365
17036
17036
17036
17036
17067
17208
17365
17036
16840
16041
16024
16768
16041
17041
17614
16840
17067
16768
16041
15471
15858
15858
17365
17365
17365
16201
16529
15707
17365
16419
16206
16206
17201
16201
17365
15581
17201
16666
16206
16041
17036
16666
17036
17034
17034
17034
17041
17036
17036
17064
17849
17365
17036
17365
17034
17365
17365
17036
16768
16422
16206
15897
16024
16206
17365
17365
15894
16206
17365
16768
16768
17365
16768
16768
16768
17034
16034
16041
16041
16332
15493
17034
16666
16666
17067
17365
16768
16278
16768
15894
15921
16768
16768
16384
16447
16768
15588
16332
15588
16206
15419
15783
15182
14342
15783
16036
16323
14264
15122
16122
16041
16041
16041
14860
15325
15017
15493
15490
15511
14969
14990
14990
14601
15102
14944
15118
15182
13901
14342
14331
15086
14779
13903
14419
15017
14667
14469
13905
14015
14531
14988
15086
14963
14010
15017
13905
13588
13903
13588
13571
13588
14404
13903
13846
13903
13588
13901
13174
13174
6105
5982
5905
5905
5905
5657
6100
6100
5998
6278
6100
5905
6075
6100
6091
5905
6075
5887
6155
6100
6100
6075
5930
6073
6075
6075
6428
6075
6428
6155
6075
6075
6219
6075
6530
6539
6428
6539
6372
6428
6530
6530
6638
6305
6364
6539
6428
6516
6539
6530
6530
6530
6530
6530
6530
6525
6539
6530
6438
6530
6505
6428
6525
6428
6428
6530
6428
6155
6428
6530
6287
6428
6428
6530
6428
6428
6530
6505
6539
6421
6365
6305
6237
6525
6525
6428
6438
6530
6525
6428
6667
6530
6530
6428
6428
6198
6287
6438
6250
5960
6075
6289
6075
6530
6428
6095
6075
6075
6075
6207
6075
6180
6062
6075
6289
6308
6275
6075
6100
6075
6105
6100
6075
6075
6428
6428
6539
6539
6428
6372
6228
6505
6365
6523
6428
6365
6207
6511
6438
6428
6075
5957
5657
5657
5805
6075
5887
5657
5657
5974
5974
5974
5847
5765
5657
5681
5754
5724
5896
5805
5905
5974
5975
5751
5531
5754
5751
5581
5805
5631
5805
5808
5809
5887
5805
5887
5805
5808
5751
5805
5974
6305
5751
5725
5751
5887
5751
5813
5786
5887
5969
5887
5754
5754
5615
5754
5725
5681
5754
14539
15118
14586
13978
13903
14532
14593
13937
13588
13937
14015
14160
14093
14015
13937
13903
14046
13940
14419
14061
14062
14062
13903
14085
13903
14139
14404
14062
14062
14096
13901
13905
14062
14705
14419
14030
14062
14125
13905
14139
14469
14705
14765
14404
14419
15086
14419
14491
15017
14539
13973
15045
15045
15086
14940
14940
14940
15017
15017
13901
14440
13978
13901
14815
14419
13901
13901
14419
14419
14093
14093
14093
14944
14940
15259
14419
14779
14978
14978
15017
14990
14937
15118
16041
15636
15456
14988
15636
15720
15612
15165
15411
14990
15696
14937
14404
14404
14493
14937
14096
13901
13901
13978
15017
14846
13901
13905
13903
13901
14428
14419
14841
14174
13978
14434
14963
13901
14096
13903
13846
13661
13661
14434
15118
14988
15003
14980
14940
15045
15017
13940
15045
14460
14419
13937
14434
14571
14745
14493
14571
13903
14220
13701
13174
13093
13341
13139
12869
12986
13174
13059
14015
13059
13174
13174
13174
13142
14085
13509
13228
14063
13174
13174
13102
12869
12876
13174
12962
12988
12690
12656
11931
12544
12493
12447
12440
12264
12215
12381
13102
13102
13174
13102
12875
13041
12876
12720
13148
13174
13059
13142
13233
12008
12783
13142
13174
13571
13174
12986
14096
12807
13288
13086
12779
14023
13183
13102
13100
12440
13177
14023
13288
13053
12440
13102
12860
13102
13059
13174
13053
13081
13062
13174
13519
15236
14404
13233
13174
13901
13509
14062
13059
13341
13308
13308
14360
13515
12965
13233
13308
13614
13300
13233
14023
13341
13514
13601
15243
14063
12965
13903
15086
14661
15259
15045
13940
14490
13986
13086
13059
13715
13341
13461
13139
13233
13508
13174
13308
13102
12962
13174
13233
14062
13911
13086
13174
12996
13509
13588
13300
13509
13174
14096
14096
14062
13059
13093
13093
13614
13233
13509
13233
13263
12988
13086
13059
13174
13174
12962
12660
12690
13102
13102
13102
12688
12688
13102
12818
13041
12818
13059
12656
12682
13203
13059
12818
12579
12604
12600
12154
11876
13239
13142
12818
13174
13174
13174
13174
13102
12818
12720
12790
12818
12720
12510
13103
12510
12510
13026
12604
12510
11931
12010
11967
11967
11989
11506
11972
11960
11926
12505
11876
11876
11942
11874
11506
12505
11906
11919
11926
11931
11906
11989
11876
11876
11972
11931
11981
11500
11394
11874
11506
11394
11590
11741
11263
11328
11103
11394
11972
12020
12020
11394
11394
11874
11874
11931
12055
11941
11394
11954
11587
11892
11892
12020
11942
13059
11989
9471
9479
9383
8911
8911
8779
9110
8948
8705
9110
8726
9110
9201
9401
9201
8786
8805
9049
9201
9047
9308
8950
8557
9061
9146
9422
9201
9308
9091
8741
9040
8677
9090
9051
9020
8787
8518
9040
8690
9051
9051
9090
9143
8786
9198
9480
9198
9578
9827
9827
9389
9933
9827
9933
9933
10617
10084
9590
9913
9480
9110
9486
9578
9747
9376
9380
9069
9590
9278
8980
9164
8933
9394
9827
9486
9143
9468
9834
9590
9590
9590
9468
9198
9921
9921
9489
9198
9308
9154
9307
9510
9479
9245
9245
9211
9003
9184
9193
9184
8705
8677
8386
8512
9091
9091
9143
9186
8600
8487
9110
8842
9200
8677
8705
9305
9201
8725
8948
8499
8399
8537
8579
9030
9178
9201
8783
9496
9496
9539
9564
9003
9376
9468
9590
8948
8934
9086
9101
9110
9164
8518
8493
8386
7868
8051
7990
7980
7776
7575
8051
7919
8064
7919
7919
8051
7680
7639
8051
8051
8101
8100
7926
7919
7919
7639
7405
7405
7499
7638
7617
7638
7469
7486
7373
7631
7405
7270
7250
7095
7405
7405
7638
7667
7214
7558
7617
7430
7405
7638
7926
7449
7776
7405
7405
7639
7725
7783
7447
7171
10062
9341
9389
8779
8677
8925
8783
8639
8003
8948
8051
8101
8698
8051
8101
8698
8677
8420
8725
8677
9204
8572
8539
9110
9061
9827
8677
9241
9195
9401
9208
8950
8974
9061
8934
8698
9110
9002
8783
8934
8856
9110
9110
9164
9201
9201
8852
9201
9110
8759
8394
8705
8677
9201
9201
8948
9146
8948
8786
8332
8539
8539
8677
9113
9113
8884
8536
8485
8697
9113
8539
8926
9201
8948
9113
8783
9113
9110
9146
9201
8948
9201
8902
9110
9110
8726
8677
8552
8543
9201
8725
8487
8572
8751
8531
8302
8531
8434
8522
8315
8305
8572
8396
8277
8572
8677
8278
7985
8432
8558
8383
8677
7935
8061
8572
8438
8138
8051
7868
7786
7776
7639
8125
8308
8572
8677
8438
8604
8604
8439
8289
8278
8438
8383
8101
8396
8314
8396
8308
8396
7786
7786
7511
7095
7786
7786
7638
8016
7330
7638
7639
8009
7525
7419
7405
7543
7558
7405
7558
7676
7501
8332
7676
7499
7882
7776
7373
7639
7743
7680
7776
7499
7399
7399
7155
7069
7203
7155
7069
7069
7069
7069
7564
7564
7405
7564
6980
7005
6980
6847
7469
7499
7069
6973
7203
6980
7449
7155
7069
11045
10885
11587
11394
11171
11045
11009
10980
11034
11034
11263
11321
11321
11453
11005
11394
11394
11263
11321
11453
11126
11319
11005
11214
11341
11394
12020
11300
10816
11506
11522
11394
11555
11522
11394
11425
11453
11543
11555
11321
11300
11394
11300
11394
12010
12486
11937
11931
11608
11669
11394
11741
11937
11937
11937
11941
11925
11506
11506
11576
11259
11876
11669
11941
11394
11506
11453
11543
11741
11590
11453
11590
12818
12818
12986
11929
12020
11741
12779
11929
11941
11931
11941
11931
12020
11931
11931
11931
11931
11931
12020
11906
11325
11394
11494
11608
11741
11394
11394
10494
10494
10494
10494
10617
11095
10494
11453
10617
10499
10480
10494
11160
10084
10324
10494
10617
10509
10062
9921
9921
9510
9510
10206
9854
10206
10084
10166
9884
10410
11046
10084
10313
9920
10282
10062
10282
9949
10062
10282
10608
9827
9986
9510
9510
9510
9986
9986
9376
9827
9986
9921
9986
9738
9738
9632
9632
9632
9986
9986
9632
9986
9624
9590
9590
9590
9476
9632
9201
9632
9590
9198
9113
9069
9241
9193
9069
9184
9110
9110
9147
9146
9146
9110
9110
9171
9451
9201
9154
9047
9154
9387
9401
9590
9198
9154
9204
9245
9099
9099
7776
7636
7638
7636
6428
7636
6805
6428
6193
6428
6075
6539
6428
6075
6075
6428
6428
6100
6539
6805
6539
6666
6428
6428
7095
7469
7419
7638
7006
7026
7405
6973
6847
6847
7067
6847
6847
6847
6638
6530
6847
6980
7061
7061
6980
7564
6973
6787
6787
7069
6754
6980
6971
6980
7469
7638
6980
6973
7069
6847
6539
6847
6847
7069
7273
6847
7069
6847
6847
7069
6847
7095
6980
7195
7006
7084
7155
7364
7364
7364
6638
6980
7070
7230
7143
7069
7069
6638
7095
7428
7069
7061
7069
6847
6503
6638
6638
7069
6805
6666
6428
6628
7069
6638
6428
6666
6638
6428
6667
6525
7026
6479
6155
6075
6638
7095
6213
6397
6100
6100
6075
6147
6383
6539
6428
7001
6539
6428
7069
6805
6638
7095
6638
6428
6428
6155
6155
6105
6287
6638
6100
6128
5846
5898
5847
5887
6075
5657
5786
6213
6180
6180
5751
5847
5808
5725
5577
5577
5751
5891
5974
5809
5809
5751
5657
5681
5577
5805
5805
5657
5533
5581
5663
5805
5705
5581
5657
5499
5754
5577
5805
5805
5805
5805
5974
5905
5805
6012
5887
5887
5725
5887
5887
6084
6084
5783
5980
5751
4262
9986
9986
9986
9827
9986
9986
9920
9854
9510
9747
9932
9986
10206
9854
9986
9857
9986
9510
10124
10076
9747
10143
9510
10082
9920
10062
9827
9854
10143
9920
9920
9590
9920
9985
10206
9920
9833
9921
9833
9974
10388
10206
9921
9921
10063
10324
9921
10252
11009
10509
10062
10206
10621
11009
11008
10980
10813
10206
10411
10411
10062
10411
10359
10062
9920
10062
9921
10084
10206
9921
10206
9854
10084
10282
10206
10206
9980
10475
9921
10410
10282
10282
10134
11005
11008
10206
10282
10557
11095
11008
10549
10549
10579
10475
10475
10252
10200
10508
10410
10061
10062
10062
9986
10062
10062
9985
9986
9510
9974
9974
9971
10206
9866
9869
10206
10331
9827
9827
9827
9590
9468
9833
10617
11008
9921
9921
9921
10561
10543
9833
9833
9833
9854
9833
10062
10801
10062
9833
10062
9974
9590
10062
9241
9062
9241
9401
8934
8786
8917
9110
9110
9454
8721
9242
9146
8787
8726
9164
9110
9002
9834
8917
8954
8990
8600
8249
8383
8686
9171
8677
8791
8126
8438
7985
8146
8051
8167
7948
7868
8011
8051
8429
8051
8051
8138
8677
8428
8438
8438
8572
8051
8677
8572
8572
8580
8520
8698
8110
8051
13562
13903
13174
13174
12493
12013
12020
12020
11590
11942
11941
12177
12013
12020
11937
11906
11925
11926
11876
11869
12072
11972
11876
11869
12264
12818
13059
13041
11859
12013
13059
13059
12579
12708
11967
11967
13102
12708
12381
12012
12510
12690
12604
13104
13059
13093
12807
12515
12604
12013
12012
12331
12486
12604
13041
12818
12008
13102
12708
11876
12020
12875
11876
11876
12962
11932
11876
11931
13059
11989
11844
12818
12013
12345
13174
12815
12608
12013
13104
13174
12604
12013
11989
11989
12600
14444
12509
12020
13102
13081
12818
12434
13102
12962
13102
12509
13086
12005
12020
11931
13086
12013
12013
12486
12012
11876
12174
11984
12012
12608
13588
11989
12005
11931
11937
12013
11937
11937
11941
11506
11941
11941
11506
11941
12779
11937
11954
11901
12818
11931
11931
12708
12013
11941
12200
12690
11989
12013
12572
12013
11876
12434
11931
11208
11522
12020
12020
11328
11590
11428
11328
11931
12020
11321
11321
11590
11741
11989
12072
11989
12013
12020
11931
13104
11931
12572
12600
11669
11931
11394
11300
11741
11321
11941
11332
11300
11300
11300
11506
11394
11972
11045
11073
11045
11902
12020
11300
11394
11539
11073
11394
11394
10466
11394
11539
11300
11520
11741
10199
15529
15411
15174
13963
15308
15174
15174
15411
13901
14490
15017
14469
15086
15086
14496
13903
14063
14093
14419
14532
14528
14013
13903
14364
14532
15118
14963
15017
13963
14460
15017
14539
14521
14539
14491
14529
14419
13973
14198
14419
14578
15102
15017
14782
14782
14963
14944
15017
14963
14944
13901
15017
15118
15102
15471
15450
14940
14940
15086
14419
14493
15118
14460
15017
14720
14419
14440
14678
14419
13978
13901
14720
14940
14940
14940
14493
15017
14944
14705
14963
15086
14940
14940
15783
15783
15122
14962
15325
14978
15753
15122
15221
14963
14963
15045
14493
14762
15259
15105
14875
15102
14676
14593
15102
14493
14493
14601
14519
15051
16096
15003
14689
13901
15017
15278
15017
14613
13901
13901
14081
14091
15045
15045
15045
15471
15511
15419
15174
15419
15558
14600
14452
15411
15490
14452
15558
14860
15122
14843
15804
13901
14008
13093
13174
13622
14419
13937
13588
13300
13086
13792
13846
13768
13461
13174
13174
12962
13174
13174
13139
14023
12860
13174
13102
12579
12734
13026
12604
13174
12690
12690
12690
13086
12440
12013
12013
12572
12020
12008
12308
12572
13083
12215
12020
12215
12604
12008
12072
12486
12815
12072
12695
12010
12005
12411
12608
12604
12308
11859
9510
9827
9833
9980
9827
9932
9953
9590
9590
9204
9278
9494
9827
9827
9539
9827
9510
9921
10250
9899
9921
9590
9590
9590
9917
9921
9917
10084
9632
9921
10062
10494
9921
9921
9920
9921
10062
10405
10074
9920
9920
10533
10617
9921
10282
9921
10326
10410
10617
10062
9921
9738
10326
10537
10801
10282
9921
9921
9921
9921
9674
10549
10282
9921
9921
9986
9510
9578
9921
9479
9110
9110
9827
9920
9510
9590
9747
9510
9932
9827
9921
9827
10282
10101
9932
9827
10171
10061
10084
10282
10282
9921
9980
10063
10171
9747
9776
9509
9921
9921
9921
9632
9921
9557
9632
9501
9834
9590
9932
9590
9917
9917
9921
9590
9510
9565
9287
9271
9003
9241
9253
9241
9590
9590
9241
9827
9827
9557
9841
9389
10116
9539
9827
9747
9590
9578
9468
9590
9590
9921
9110
9241
8783
8677
9164
8941
9051
8786
9242
9387
8917
9146
9370
9201
8980
8677
8948
8934
9146
9341
8920
8948
8786
8948
9110
8726
8690
8781
9002
8690
9066
8474
8640
9146
9195
8725
8808
8474
8721
8726
9143
9380
8933
8725
8976
8726
8600
9110
9061
8282
8881
9110
8110
8640
9061
8925
9101
8721
9146
8787
8481
8383
8677
8571
8677
8443
8572
8409
8308
8390
8438
8558
8841
8438
8406
8340
8432
8578
9178
9061
8990
8707
8518
9113
9146
9110
9389
9376
9590
9827
9827
9154
8914
8934
9113
9110
9557
9204
9146
9578
9747
9738
8787
9539
9195
9431
8934
9113
8934
8686
9146
9241
9479
9496
9590
8948
9171
8980
9479
9498
9457
9053
9323
9019
9221
9051
8937
9146
9051
8937
9067
9480
9389
9509
9061
9341
9510
9986
9321
9590
9099
9271
9590
9099
9204
9376
9061
9061
9110
9308
8786
9040
9070
8697
8786
9090
8705
8638
8344
8438
8499
8138
8308
8143
8677
8572
8558
8572
9146
8738
8604
8639
8498
8690
9003
8604
8017
8143
8143
7868
7639
8383
8308
8677
8539
8485
8476
8443
8282
8101
8403
8543
8539
7969
7969
8383
8051
8543
8380
7809
8051
8018
8051
7776
8051
8051
7786
7558
8051
8051
8052
7812
7776
7776
7638
7680
7680
8051
7558
7506
7934
8051
7805
7499
7564
7772
7638
7564
7617
7203
7155
7440
7250
7285
7405
7214
7214
7386
7787
8051
8677
8677
8009
8438
8438
8051
8396
8438
8383
8383
8383
7961
8383
8438
8308
8383
8282
7990
16666
16666
16666
16666
15490
16206
14846
14562
14493
14325
14419
14490
15017
15045
15086
13901
13901
14341
15320
14944
14990
15017
14404
14496
15017
14860
17365
16666
16666
16666
16666
17937
14940
14490
14937
14490
14937
16666
16096
14961
17034
18238
19590
16666
18169
18169
16666
16041
16096
16041
17365
16096
16041
16036
16041
17365
17365
16048
15411
14085
14419
16666
17365
17365
16041
14600
14961
14980
14963
15411
15325
15174
15428
16666
15840
16079
17365
17067
17325
17365
15086
14841
14988
14988
14988
15086
15783
14987
14978
16096
17036
16036
14720
14980
14096
14096
14490
14093
14720
13792
13233
13813
13809
13813
14085
14023
14015
13903
13885
14056
14360
14096
13903
13174
13584
13903
13588
13447
13233
13514
13233
13035
13514
14023
13901
14496
14562
13978
14419
14096
13901
14554
15017
14336
13086
13341
13846
13588
13093
13539
13174
12682
13026
13308
13903
13903
12688
13174
13903
13174
13903
13174
13102
13193
14490
13720
13903
14404
13937
12965
13059
14139
13139
13174
14015
13102
13233
13903
13661
13032
13139
13903
13903
14341
14404
14988
14404
14056
15118
14321
14578
13584
14424
14325
14160
13661
14102
14434
14940
15102
14496
15102
13193
13807
15103
14918
13059
14944
13710
11937
12169
12013
11931
13083
13083
12308
12486
12308
12308
12720
13083
13104
12505
11932
12012
12012
11931
12505
12818
12815
12215
12015
12604
12013
12604
13344
14023
13559
13233
14096
13903
13813
13238
12962
12962
13233
14096
13860
13940
14061
14419
14460
13903
13903
13903
14062
14072
12940
12919
13300
14010
13903
13790
14404
13937
13026
13846
13493
13233
13104
13104
13026
13539
13539
13461
13571
13344
13174
13351
13341
14023
13903
14693
13790
13308
13584
14015
13846
14070
14030
13174
12965
13139
13701
13233
13102
13102
13026
12869
12813
12510
12783
12008
13333
11967
11876
11967
12818
11967
11931
11941
11554
11906
11906
11967
11876
11972
11924
11804
11804
11804
11721
11522
11942
12174
11942
11804
11640
11890
11905
11383
11942
11942
11931
12020
11608
12020
11942
11937
11952
11818
11818
11937
11506
11874
11874
11937
11874
11874
11506
10890
10475
11300
11532
11300
10846
10494
11073
11013
11300
11506
10980
10980
10980
11147
11171
11228
11590
11590
11702
11702
11126
11702
11126
11702
11555
11702
11702
11453
11319
11702
11702
11702
11702
11325
11263
11970
11818
12072
12604
11931
11989
11989
11942
12308
13083
14023
12818
12013
13174
12818
12313
13151
13457
13174
13174
13539
13174
13041
12001
12013
12010
12010
12001
12010
12010
11555
11555
11073
10918
11394
11901
11701
11005
11005
11320
11139
11522
11876
11394
11023
11321
10980
11931
12072
12962
12010
12010
11522
11929
11741
11522
11818
12020
11869
11989
11931
11929
12013
11937
12447
11931
12604
12818
11937
11942
12818
11784
12020
12008
11890
12511
13081
12818
12818
11876
11876
11929
11929
12493
12572
12505
11942
11721
11697
11555
11941
11891
11721
11941
11032
11931
11906
11942
11876
11937
11697
11686
11910
11931
11453
11931
11967
11972
12020
11906
11905
11967
11876
11689
11428
11522
10890
11270
11300
11578
11287
10980
11009
11085
10813
11277
11263
11138
10475
10324
10660
10695
11130
11277
10549
10359
10494
11005
10331
10712
11009
10475
10509
10509
11059
11059
11321
11590
10600
10617
11009
10533
11009
11100
11555
11045
10792
11100
10702
10617
11045
10579
10410
9986
9827
9578
9921
10509
10621
9986
9612
9974
9921
10227
10167
9917
9917
9827
9665
10084
10084
10206
10084
9833
9632
9833
9590
10084
9833
9921
9921
9590
9494
9590
9590
9986
9833
9986
9827
9287
9281
9590
10086
10167
9827
9590
9986
9539
9932
10086
10086
9833
9590
9834
9113
9113
9921
9921
9921
9776
9747
11171
11555
11555
11555
11910
11910
12010
11100
10980
11108
11263
11300
11499
11325
11023
11009
11009
11005
11059
11394
11394
11394
11059
11059
10980
11590
11394
11896
11906
11590
12174
12008
12020
11906
11931
11394
11344
11906
11906
11989
11906
12818
12486
11860
12012
11967
12604
12604
12608
11989
11804
11813
12690
13059
13404
12818
12013
12490
12604
12013
12013
12264
11833
11833
12440
12815
11967
12013
11967
11967
11926
12105
12072
12604
12208
11932
12424
12604
12215
12815
12604
12215
12410
12410
11984
11876
11876
11876
11876
12072
11876
11941
11941
11590
11941
11506
11506
11874
11300
11499
10813
11009
10792
10751
11152
11321
10813
10926
10642
11100
10920
11059
11023
10751
11023
10642
10657
10604
10494
10605
10324
10324
11023
10480
10282
11590
11036
10475
11075
11085
10792
11008
11100
11005
10608
10751
10604
10617
10702
10712
10206
10062
9578
9932
9510
10167
10206
10062
10062
9578
9510
10062
9921
9827
10062
9433
9539
10062
10062
9921
10062
9917
9590
9590
10064
9632
9524
9932
9590
9520
9569
9569
9532
10830
12020
9789
11453
11300
11453
11263
11931
11937
12013
11394
11394
11941
11337
11941
12264
11394
11394
11958
11394
11941
11394
12604
11394
11966
12015
16100
14980
14980
13940
14986
13986
13901
15450
13699
13905
14198
14091
14093
14590
15102
13588
13493
13903
15182
14434
14940
13903
13815
13905
14063
14469
14940
16666
16320
14986
16666
15493
15122
14085
14061
14493
14424
15490
14487
14419
16206
17365
17699
16048
14986
14988
16666
14944
14940
15017
14081
14493
15017
15417
16666
15783
15584
13901
14783
14196
14183
14590
15183
14427
14233
14093
14198
14442
14093
14142
14062
13584
14590
14102
13581
14085
15120
16666
16096
16096
14091
14085
14937
15490
14990
14720
15295
14720
14940
15139
15143
14720
14093
14779
14846
13905
14419
14419
14944
15017
13978
13905
13978
14174
14490
15090
14419
13903
14062
14460
14940
14940
14980
14419
15017
14940
15017
13901
15009
14539
14593
15017
15456
15456
15146
15086
14963
14493
14720
14562
13939
14562
13903
14428
14091
14081
13903
13962
14081
14063
14139
13341
13000
13233
13588
13588
13588
13903
12978
13026
13539
13571
13139
13139
13539
13174
13461
13661
13509
13510
14085
14085
13206
13341
13174
13300
13508
13509
14030
13139
12965
12932
13614
13139
13447
13790
13491
13174
13102
12869
13509
13539
14023
13715
13790
13174
13233
14085
13846
14846
13233
13846
13846
13461
13903
13493
13903
13174
13962
6678
6428
6428
6075
5930
6428
6147
5805
5905
6025
6075
5775
6105
6061
5805
6250
5809
6046
6046
6147
5786
5887
5657
5725
6067
6067
6383
5974
6666
6428
6678
6678
6428
6287
6428
6428
6428
6666
6075
6075
6428
7638
5930
6678
6678
5932
6638
6638
6075
6428
5930
5930
5930
6539
6980
6067
6539
6428
5960
6105
6155
6075
6428
6155
6539
6155
6075
6285
6075
5998
6147
6075
6666
6428
6075
6075
6105
6875
6428
6800
6428
6428
6155
6678
6539
6105
6285
5874
6638
6805
6638
6062
6287
5960
5975
6105
6105
5971
5846
6285
6285
6187
5847
6274
5808
6016
5776
5905
5805
5846
5765
5905
5809
5871
5725
5725
5575
6011
5681
5405
5405
5405
5974
5974
5905
5975
5694
5805
6075
5800
5975
5905
6075
5980
5957
5887
6180
6067
5975
5905
5405
5725
5805
5725
5814
5905
5905
5681
5905
5905
5905
6428
5974
5961
5757
5974
5905
5581
5657
5657
5657
5417
5405
5084
5308
5255
5405
5308
5245
5085
5060
5085
5214
5846
5170
5720
6075
5786
6075
5786
5084
5330
5332
5666
5405
5405
5786
5806
5786
5405
6075
5499
5577
5105
5428
6428
5499
5876
6075
9110
8547
8171
6980
6978
8146
7639
7499
7405
6980
6980
6980
7501
7868
7193
7069
6949
7332
7405
7667
7405
7405
7193
7308
7638
7961
8205
8562
7638
7969
8155
8051
7776
7638
7776
7776
7639
7558
7638
7558
8051
8438
8216
8001
8677
8639
8128
7843
7843
7639
6980
7405
7909
8051
8051
8051
8051
7776
6980
6980
7373
7638
7787
8001
7680
7638
7564
7405
7558
7808
7273
7386
7405
7776
7623
7469
8145
7636
8051
7680
7712
7575
8051
8051
8051
7499
7675
7681
7638
8051
7874
7776
7420
7525
7525
7777
7468
7419
7405
7364
7364
7524
7002
7069
7069
6980
7069
6678
7203
7419
7273
7499
6931
6845
7026
7198
7062
7069
7069
6805
6539
6638
7095
7095
7155
7405
7155
7171
7214
7155
7155
7617
7623
7264
7397
7095
7155
7155
7095
7397
7095
7061
6949
6678
6847
6847
6847
7037
6372
6539
6539
6539
6638
6539
6349
6530
6530
6530
6875
7095
7069
7095
6638
6539
6138
6155
6428
6638
6428
6511
6165
7005
6428
7638
6980
7061
7005
7638
6670
7171
7638
7868
8005
6980
7321
6971
7121
7469
7783
7638
6980
7564
7783
7564
7564
7564
7680
6980
6980
13083
12010
11086
12010
11354
11967
13059
11377
12020
11300
11263
10617
11506
11590
11448
10282
10494
11108
11073
11555
12020
10480
10792
10813
10980
11394
12020
12010
11942
11997
11901
11941
11669
11322
11992
11874
11108
11669
11453
11941
11967
11999
11926
12001
12708
12215
12020
11874
13059
11929
11300
11506
12020
11989
12072
12272
11891
11942
11818
11413
11300
11906
11929
11972
12815
12013
12020
11453
11910
12020
12010
11910
11954
12345
12013
12818
12013
11989
13174
13174
11741
11929
12020
13333
12013
12604
11584
11499
11394
11931
14062
12875
11929
12010
11522
11522
12020
12980
12055
12013
12020
12020
11906
11989
12779
12604
11263
11300
12509
11669
12690
12020
11073
12020
11339
12581
12533
12072
12779
12581
11941
11876
11876
12509
11876
13083
11876
12020
12020
12020
12072
13053
12790
12072
12010
12012
11989
12604
13081
13105
11989
12010
11459
10890
11278
12013
12020
11300
10920
11321
11394
11891
11394
11453
11092
11274
11258
11394
11394
11957
11931
11941
11300
10792
11147
11100
11590
11394
11394
10792
10324
11013
11013
11555
11073
10980
10475
10813
10813
10813
11538
11126
10980
10549
10980
10980
10813
11112
11045
11046
10813
11085
11011
11147
11126
11011
10980
11108
10849
7189
7274
7488
7353
7410
7593
8677
8487
8539
8333
8441
8326
8499
8499
8539
8572
8405
8361
8572
8677
8787
8677
8640
8776
8661
8783
8926
9146
9245
9198
9110
9241
9184
9184
9110
9176
9110
9184
9110
9110
9110
9110
9053
8696
8318
8539
8638
8738
8690
9053
8690
8948
9143
9241
9783
9827
9565
9341
9113
9389
9101
9302
9305
9986
9198
9110
8518
8805
8512
9003
9242
9143
9146
9147
9259
9389
9143
9201
8980
8933
8934
9110
8688
9110
9198
8805
8809
8809
8917
9110
9143
8809
8809
8725
9051
8686
8783
8538
8538
8677
8544
8543
8478
8558
8786
8558
8543
8677
8677
9146
8677
8677
8677
8438
8543
8578
8677
8677
8573
8250
8129
8254
9051
8572
8558
8438
8677
8697
8487
9110
8604
8483
8543
8677
8308
9084
8558
8558
8539
8558
8558
8438
8143
7868
7926
8308
8315
7926
7926
8386
8200
8384
8171
7980
7948
7776
7724
8315
8051
8051
8051
8051
8051
7868
7868
7776
7868
7623
8051
7638
7405
7469
7420
7499
7405
7405
7405
7405
7372
7364
7405
7680
7525
7501
7469
7449
7474
7564
7564
7640
7558
7405
7449
7578
7480
7640
7501
7315
4315
17081
17849
16768
16041
18231
17036
16768
16051
15783
16206
15783
16454
15536
15536
16102
15779
16036
15779
15783
16903
15536
15819
15813
15860
18280
18238
18057
18057
17081
17067
17535
20783
17849
17081
17365
17067
18177
18057
18365
17067
17067
17067
17535
17365
17535
16980
16937
16768
17365
16768
17034
18057
18057
18280
19056
19046
19100
18057
18280
18280
17365
18360
18503
19100
17365
17365
17081
17365
17228
18360
18231
17680
18057
18180
18057
17900
18057
17849
18047
17365
17036
17365
17365
17365
17067
17365
17365
16511
17365
17365
17365
17365
17365
16209
16707
16768
16768
15525
16206
15783
16206
15783
16206
15767
15572
16130
16519
15493
17051
17041
16666
16666
15783
15282
16041
16137
15460
15493
14490
14593
14419
15411
16666
15573
15614
17365
16666
16666
16165
15840
15450
16041
16206
16206
15086
15017
15903
15903
16206
16138
14841
14059
14063
14048
14023
14093
14336
13792
13768
14071
13903
14198
14023
14124
14139
14198
13950
14142
14174
14050
14062
14062
14096
14093
13903
13903
14094
14094
14563
13903
14086
13937
13903
14015
13846
13513
14015
13461
14563
13846
14085
14096
13901
13846
14004
13807
14081
13903
13901
14174
14096
14428
13986
13937
13901
14030
14434
13986
13950
10037
9827
9539
9496
9590
9590
9738
9590
9590
9590
9921
9612
9632
9986
9569
9590
9146
9146
9590
9539
9747
9401
9032
9569
9468
9468
9986
9632
9539
9590
10084
9917
9921
9833
9698
9986
10324
10206
9921
9827
9921
9921
9921
9590
9612
9918
9578
9918
9932
9921
9974
10282
10206
10617
10475
10549
10282
10282
10252
10405
10252
10282
9921
10405
10561
10062
9510
10063
10062
9986
10062
9986
9921
10617
10509
10062
10250
9985
10037
10062
9932
9932
9932
10037
10206
10250
10037
10062
9932
9921
10037
10037
9747
10250
9333
9285
9264
9201
9201
9394
9590
9494
9564
9468
9320
9145
9193
9479
9827
9827
9569
9539
9195
9201
9201
9518
9201
9113
9110
9023
8697
8948
9193
9147
9201
9201
9201
9201
9241
9490
9062
8934
9204
9376
9827
9471
9397
9184
9287
9360
9590
9302
9091
8677
8677
9590
9099
8934
8725
8934
8934
9590
9101
8934
9101
8677
8841
9061
9281
9110
8934
8707
8660
9069
8677
8677
8278
8677
8539
8310
8383
8101
8282
8396
8383
8300
8101
8109
7868
8039
8282
8396
8062
8067
8438
8138
8282
8138
8250
8186
8353
8677
8001
7776
8051
8096
8096
8096
7502
9833
9833
9833
9827
10084
10792
10617
10549
9827
9833
10167
10167
10475
11108
9921
10061
9921
9932
10509
10447
10617
10062
9747
10061
10549
11009
11081
11100
10084
10475
10792
11023
10801
10494
11100
10549
11008
11009
10475
11023
10980
10980
11008
10549
10980
11008
11009
11009
11138
10880
10657
11005
11081
11247
11045
12010
12010
11555
11590
11097
11059
11394
11590
11555
11300
11085
11137
11649
11126
11394
11394
10813
11576
10950
11394
11543
11874
10920
11005
11013
11941
10920
11506
11394
11034
11009
11009
10494
11023
11023
11250
10813
10549
10813
10404
10062
10282
10494
10572
9827
10159
9949
9932
10206
9854
9833
9308
10212
10084
10557
11008
10475
9510
9827
9854
10084
10340
10252
9833
9921
9278
9490
10206
10206
10206
9833
10084
10252
9833
9921
9827
10282
10206
9972
9612
9827
9532
9974
9921
9921
9921
9110
9154
9178
9208
9590
9590
9110
8917
9241
9113
9496
9110
9465
9181
8980
9110
9356
9241
9308
9490
9242
9201
9110
9110
8786
9201
8948
9136
8786
9040
8705
9090
9090
9040
8437
8437
8411
8439
8278
8638
9239
8948
8558
8948
9204
8698
9113
8787
8783
8783
9051
7868
8783
8539
8558
8505
8579
9013
14085
9854
10617
9962
9980
10494
10282
10411
10206
10062
10206
10411
11023
10617
10508
10282
10359
10405
11009
11009
10533
10282
10359
11009
11341
11171
11590
11590
11590
11394
12001
11045
12001
11300
11100
10792
11152
11394
11126
10980
11300
11428
11100
11100
11152
11108
10660
11100
11081
11100
12020
11539
12010
12493
12965
12010
12010
12020
11045
12020
11321
13083
11905
11925
12001
11328
10830
11300
11300
11300
11448
11394
12962
13300
12013
12010
12001
11506
11300
11300
11300
11300
11522
11499
11970
12020
11394
11328
11555
11300
11270
11590
11394
11394
11394
11009
11085
11009
10792
10475
10541
10813
11005
11085
11023
10581
10543
10720
10980
11059
10776
10776
10282
10508
10702
10572
10604
10702
10250
9662
10030
10480
11023
10740
10572
10084
10282
10712
11046
11023
10411
10301
10282
10475
10206
11085
11046
10604
10581
10405
10206
10102
9827
9487
9510
10415
10124
9924
9932
10359
10037
10702
10035
9932
9924
9539
9986
10617
10401
9980
9921
9920
10404
9854
10084
9986
9795
10062
10062
9834
9510
9380
9590
9154
9204
8934
9481
8856
9113
9135
9510
9510
9242
9389
9578
9468
9241
9178
8980
9241
9590
9827
9110
9241
9125
9247
9308
9827
9921
22090
21702
19860
19499
19499
19596
18600
18360
18360
19100
19100
18480
19280
19280
19100
18360
19280
18503
18280
19280
19774
19100
18360
18503
19309
19596
19844
19840
19774
19590
19590
19590
19596
19590
19840
19596
19596
19100
19369
19842
19852
19590
19590
19590
21130
19997
19860
19997
19984
20151
19499
20002
19997
20151
20139
20139
20151
20139
20151
19499
19115
19279
20151
19289
19596
19270
19070
19279
19590
19070
19070
19167
21160
19984
19995
19844
20109
19590
18600
20002
20081
19844
19590
22090
20557
19995
20002
19854
21130
21008
20201
19995
19854
19981
19596
19469
19360
19419
19687
19100
19148
19596
19591
19100
18700
19100
19570
18700
19104
19100
19860
19218
18360
19100
20139
19713
19100
18623
19570
20071
17081
18280
18360
19596
19596
19100
19100
19590
19590
19309
18935
19596
19100
19100
18280
19100
19100
19100
19100
18790
18231
18360
17365
17365
17081
18231
17051
17365
17365
17067
17041
18047
17041
17041
17067
16980
16980
17067
17901
18053
17535
17067
17067
17365
17365
17365
16051
15894
17365
16511
16041
16041
17365
16206
15783
16206
15841
15783
16884
15383
15783
16422
15783
15490
16206
17365
16331
15525
15783
15783
16041
16206
16206
16096
15499
15655
16361
15308
16384
9647
9827
9394
8961
8980
8948
9154
8604
8334
8677
9095
9091
9827
8911
8955
9308
8721
8677
8948
9480
9731
8677
8948
9834
10084
10617
10533
10993
10494
10529
11590
11590
11108
9776
8941
9176
10167
11083
10282
9496
9376
9921
10282
10154
9980
9899
9590
9590
9204
9487
9241
9590
9495
10549
10533
10617
10084
10617
10572
9827
9986
10206
10617
10617
10063
9510
10084
10447
10726
11159
10301
9568
9876
9959
10447
10726
11159
10301
11453
11108
10494
10617
10581
10505
10405
9978
10282
9578
9578
9921
9678
9510
9468
9590
9518
9242
9241
9333
9110
9110
9110
9110
9241
9253
9061
9110
9099
9110
9482
9486
9404
9201
8902
9074
9201
9201
9201
8917
8533
8533
8381
9065
9061
9193
9146
8948
9195
9358
9468
9833
9198
9154
9590
9590
8961
9201
9201
9143
9099
9099
8786
8600
8278
8483
8310
8677
8527
8494
8282
8249
8467
8705
8235
8143
8051
8051
8467
8051
8405
8677
8438
8438
8539
8539
8250
8143
8383
8383
8365
8051
8101
7868
7776
7926
8051
7776
7776
7564
7680
7680
7872
8051
8428
8405
8171
8051
8200
8684
8937
8572
8539
8677
8039
8596
8677
8677
8572
8407
7776
