13862
12897
13862
12962
12897
12897
12962
12962
12962
12897
12897
12897
12897
12897
12897
12069
12096
12096
12897
12096
12897
12897
12072
12051
12897
12897
12962
13174
12897
12962
12897
12897
12897
12897
12897
12897
12897
12897
12897
12607
12897
12897
12897
12897
13174
12897
12897
12962
12897
12962
12897
12897
12962
14085
14056
13862
13174
13862
13513
13059
12962
12982
13513
14085
13174
12962
12897
12897
13174
12897
12897
12897
13174
13174
13174
13174
13174
13174
13174
13862
13499
13862
13862
13862
13862
13862
13862
13982
13982
13862
14096
13862
13862
13862
13505
12982
13174
13174
13505
13174
14085
13505
12962
13330
13174
13174
12982
12962
13513
13852
13862
13862
13174
12962
12962
13174
12962
12897
12897
12897
12051
12096
12897
13174
13174
14096
14096
13862
13862
13862
13862
13862
14096
13862
13499
13174
13513
13174
13499
13174
12962
12962
12897
12897
12897
12897
12897
12096
12897
13174
13300
13174
12897
12962
12962
12962
13174
12962
12962
12962
12962
12962
12998
12982
12897
12897
12897
12962
12897
12897
12897
12096
12897
13308
13862
13862
13862
13862
12962
12897
12096
11892
12096
12051
12897
12897
12096
12096
11891
12096
12096
12096
11862
12096
12072
12072
12072
12072
12072
12096
14085
14096
12897
12897
12897
12897
11891
12897
12096
12051
12051
12897
12051
11897
12096
12072
12897
12897
12096
12072
12096
11891
10862
12051
11891
11897
12096
10987
11669
11891
12096
10862
12072
10862
10862
10862
12072
10862
11338
11338
10862
10862
11008
12072
12096
11338
11338
10962
11383
11394
11891
11590
12072
12072
12096
11891
11338
11338
11300
10862
10862
11669
11338
11892
10862
10862
10862
10862
10862
10862
10862
10862
11669
10862
10862
11453
10862
11669
11891
11598
11453
11453
11669
10982
11453
11598
11669
12072
12072
11897
11891
11897
11897
12072
11590
11862
11891
11669
11897
11590
11590
11669
11590
11338
10892
11338
11338
11338
11669
11897
11897
11300
11300
11891
11897
11669
10862
10862
10962
10862
10862
11300
11669
11300
11669
10862
11892
12072
11897
11892
11669
11892
11892
11897
12061
12072
11897
11897
11897
11897
12072
12072
11897
11897
11897
11897
11321
12072
12086
11862
12096
12072
11897
12072
12072
11897
12072
11897
12051
12962
12096
11897
12051
12096
12072
11897
11897
11897
11897
11897
11892
11897
11892
11590
11669
11669
12072
11897
11338
12096
11862
11590
11897
11590
12096
12897
12962
12897
12072
12096
11897
11897
12096
12962
12897
11892
12096
11669
8447
9069
9069
9069
9069
9069
8984
8677
9069
8677
8984
8984
8677
8984
8361
8278
8387
8779
9069
9069
9069
8984
8478
9069
9069
9069
9069
9069
9069
9404
9069
9069
9449
9069
9069
9069
9069
9069
9397
9590
9451
9446
9069
9446
9590
9647
9404
9069
9404
9069
9069
9069
9069
9069
9069
9069
9632
9069
9069
9069
9069
8984
8984
9069
9069
9069
8984
9084
8984
8984
8296
9069
9069
9084
9069
9069
8984
9069
9069
9069
9069
9444
9069
9404
9444
9632
9590
9449
9854
9731
9731
9632
9788
10282
9632
9069
9069
8278
8484
8308
8278
8278
8198
8107
8172
8019
8278
8019
8308
8308
8308
8387
8325
7846
8172
8300
7990
8019
7909
7459
7493
7493
8235
8165
7775
7775
7775
8165
9095
8484
8243
8243
8249
8165
8165
8172
8014
8014
8014
8014
8019
8019
7692
7195
7425
7264
7463
7425
7463
7405
7180
7195
7333
7405
7843
7640
7333
7180
7180
7180
7180
7405
7180
7180
7180
7180
7264
7264
7264
7198
7405
7425
7195
7405
7264
7405
7250
7264
7196
7264
7405
7640
7640
7368
8141
7405
7368
7333
7405
7180
7405
7264
7405
7250
7405
7405
7333
7264
7250
17096
18051
18096
18897
17897
17897
15862
16897
15862
15862
15862
14862
14862
16897
15862
15862
15862
15862
15862
14862
14862
16096
14096
14862
16096
16897
17862
17096
14862
15862
17096
16897
16897
17096
16897
16096
16096
17096
16897
15862
15862
15862
15862
16897
16897
15862
16897
17096
17096
16096
16897
16897
15862
16096
16897
16897
17096
15862
14096
12897
12897
13174
12096
12897
14096
11897
13174
12897
12051
12096
12051
11892
14096
12096
12051
12051
12051
14096
14096
16096
16096
16096
16096
14096
11891
12096
12096
14096
16096
11897
14096
16096
16096
16096
16096
14897
14862
13892
13862
12897
14096
13862
13892
13862
14096
11891
12096
13862
13862
14096
14096
12897
12096
13174
14096
16096
14096
12897
12096
11891
13174
14096
16096
12897
14096
12897
14096
14862
16096
16096
13862
16096
15655
16096
14862
13862
16096
16096
14862
16096
14096
14096
16096
14096
14056
14862
13862
13862
13862
14096
13862
14862
12962
12897
11897
12096
12897
12962
12962
12897
12897
12897
12897
12051
12897
14096
12897
12096
12096
12051
12096
12897
12897
12096
12096
11897
12096
16096
12897
12096
12096
12096
12096
12897
12096
12072
12051
12072
11897
11897
12051
12096
10892
12072
11897
11338
11669
11891
10962
5666
5666
5294
5241
5128
5128
5128
5128
4875
4904
4904
4775
5128
5241
5241
4904
4904
4775
5257
5081
5081
5241
4925
4925
4775
5241
5241
5241
5121
5121
5121
5619
5241
5241
4775
5143
5128
5128
5128
5128
4775
5241
5241
4999
5016
5333
5125
4775
5125
5128
4925
5128
5128
5241
5121
5241
5241
5219
5125
5062
4775
4775
5045
5081
5060
4775
4775
5081
5165
5062
4925
4880
5503
4775
5121
5128
4925
5128
5143
5241
5241
5091
5333
5786
5241
5241
5241
5241
5014
5241
5241
5241
5280
5241
5241
5241
5241
5091
5241
4775
4904
4575
4904
4875
4775
4775
4904
4575
4880
5062
4880
4880
4631
4875
5128
4925
4880
4775
4631
4880
4775
4999
4880
4880
5165
4880
5128
5091
5091
5091
4880
4925
4904
5128
5128
4880
4880
4880
4925
4904
4999
4575
4472
4644
4880
4880
4504
4775
4647
4880
4438
4644
4480
4644
4647
4438
4457
4457
4644
4452
4438
4631
4438
4438
4457
4452
4381
4631
4480
4457
4381
4480
4359
4631
4644
4381
4480
4381
4381
4365
4631
4381
4381
4644
4644
4644
4644
4644
4644
4644
4333
4480
4480
4644
4644
4644
4346
4346
4346
7909
7180
7333
7493
7405
7234
7405
7264
6787
6787
7264
7094
7245
7405
6787
7640
7788
7405
7264
7264
7405
7264
7062
7405
7642
7405
7787
7405
7705
8646
7846
7264
7456
7775
7486
7264
7195
7640
7264
7245
7640
7883
7493
7777
7493
7493
7883
7264
7405
7808
7405
7405
7843
7668
7883
7887
7333
7405
7405
7405
7405
7152
7245
7264
7264
7368
7264
6787
7256
7264
6787
7275
7264
7180
7180
7264
7180
7405
7264
7405
7405
7457
7405
7678
7678
7254
7405
7405
7405
7405
7883
7995
7451
7451
7195
7264
7405
7405
7245
7405
7333
7405
7250
7405
7405
7405
7264
7195
7405
7405
7405
7405
7405
7499
7405
7405
7245
7245
7195
7280
6787
6930
7333
7245
7405
7640
7605
7333
7640
7846
8062
7640
7405
7493
7264
7405
7405
7496
7405
7405
7405
7405
6930
6787
6787
6787
6787
6706
6909
7062
6787
6787
6787
7062
7062
7180
7264
7368
7775
7639
8308
8172
7639
7493
7405
7405
8172
7775
7264
7264
7180
6990
7639
7692
7405
7692
7368
6787
7640
7775
7788
7563
7499
7640
8141
7705
7195
7788
7775
7499
8019
8141
7775
8017
7703
7887
7703
7887
7563
9072
8677
8677
8206
8263
8481
8195
7697
7887
7775
7704
8019
8206
7703
7849
8014
7775
8062
8116
8019
8019
8019
7887
7887
8019
8172
8394
8172
8186
8308
8296
8172
8019
8019
8019
8019
8172
8019
8019
7694
8019
8263
8263
8019
8019
8984
8481
8019
8165
8308
8138
8172
8172
8677
8984
8681
8296
8192
8308
8155
8019
8172
8279
8476
8172
8263
8019
8146
8014
8165
8014
8019
8681
8296
8165
8206
8172
8393
8778
8172
8333
8677
8778
9069
8984
8347
8296
8172
8296
8390
8386
8138
8171
8019
8019
8019
8172
8019
8019
7909
8142
8172
8019
8019
8019
8019
8019
8246
8246
8263
8555
8246
8141
8165
8193
8263
8165
8308
7694
7775
7640
7694
7846
8447
8062
7909
8062
8062
8206
8062
7846
8062
7775
7694
7268
7493
7495
7405
7405
7695
7062
7264
6787
7062
7180
7180
7062
6961
6909
6909
7062
7180
7405
8263
8263
7802
7180
7180
7180
7180
7264
7250
7405
7264
6787
6873
7264
6787
7264
6787
6787
6787
7062
7152
7348
7264
6909
6787
6909
6787
7333
7269
7264
6787
7062
7062
7493
8206
7909
7493
7493
7493
7333
7011
8019
7775
8019
7405
7642
11897
13499
12897
12897
12096
12897
12897
12051
12051
12072
12096
12897
12962
12962
12051
12897
12096
12096
12897
12897
12962
12897
12897
12897
13174
13862
13892
13892
13862
13862
14096
14096
13982
13862
13862
13862
14096
14096
14096
13982
13892
13862
13982
12962
14096
14096
14085
13447
13862
13892
13174
14085
13862
14061
14096
14096
13862
14096
14085
13862
13174
13513
14096
14096
14096
13862
13862
13505
13174
14096
13174
14085
14096
14862
14096
14096
14862
14862
14862
14862
14096
14096
14061
13862
14085
14096
14085
13862
13862
14061
14061
14096
13862
13862
13174
12962
13174
13636
12962
12897
12897
12897
12897
12897
12096
12096
12897
12962
12962
12962
14085
13174
12897
11891
12096
12897
12096
12897
11897
11590
11892
11891
12072
12962
12897
12897
11897
12897
12897
12897
12897
12897
12897
11897
12096
12096
12897
12897
12897
12096
12096
11897
11891
12072
11891
11891
11891
11891
11338
12072
12072
11891
11669
11891
11338
11338
11338
12897
12897
11897
11897
11897
11897
11897
11891
11891
11891
11891
11338
11891
12072
12072
11897
11897
11891
11669
11669
11338
11669
11669
11338
11598
11338
11590
11338
11338
11338
11897
11897
11897
11897
12072
11897
12072
11897
11897
11897
11897
11897
9069
8984
8984
8268
8296
8296
8278
8019
7777
7775
8017
8296
8447
8296
8107
8019
8019
8019
8984
8019
8336
8296
8019
8331
8447
8696
8681
8296
8206
8984
8677
9069
8656
8296
8984
8984
8984
9069
8656
8984
8984
8984
9069
8984
9069
9069
8984
8984
8982
8673
8677
8676
8677
9069
9069
9069
9069
8984
8984
8491
8481
8677
9069
9069
9069
8677
8481
9069
8457
8725
8984
8856
9069
9069
9069
8984
9069
9069
9072
9069
9069
9069
9069
9069
8984
9069
9069
8640
8952
8778
8984
8984
8484
9069
9069
8778
8677
8677
8453
8677
8536
8984
8484
8984
8333
8325
8325
8243
8484
8984
8333
8984
8172
7887
8254
8484
8389
8243
8172
8165
7846
8562
8142
8278
8206
8425
8590
9069
9069
8778
8300
8281
8361
8296
8778
8587
8300
8243
8554
8296
7490
7990
7263
7245
7490
7775
7493
7264
7245
7245
7425
7493
7563
7264
7264
7264
7063
7333
7368
7843
7368
7333
7368
7368
7639
7333
7333
7405
7333
7368
7405
7375
7405
7280
7280
7280
7180
7333
7180
7180
7775
7451
7405
7333
7493
7843
7405
7451
7333
7455
7703
8062
7195
7451
7405
7333
7405
7563
7062
9069
9061
9069
8484
8394
8587
9069
8984
8484
8487
8402
8581
9069
8802
8425
8487
8402
8300
8984
8172
8681
8587
8263
8536
8984
8984
8984
9069
8984
8984
8984
9069
8984
8984
8587
8984
9069
9069
8341
8279
9072
9069
9069
8984
9069
9069
9069
9069
9069
9087
8447
8296
8984
9069
9404
9069
8779
8778
8725
8725
8725
9069
9069
9069
8677
8347
8605
8605
8677
8984
8391
8677
8605
9069
8589
8984
9069
9069
9069
8984
8589
8487
8902
8984
8902
8554
8778
8500
8984
8725
9069
8779
8984
8677
8487
8677
8984
9069
8984
8984
8984
8677
8682
9069
9069
9069
8984
8556
8682
8725
9069
8984
8478
8478
9069
8677
8677
8198
8308
8484
7888
8172
8172
8447
8677
8984
8984
8984
8677
8677
8677
8554
8677
8677
8172
8263
8254
8256
8398
8296
8014
7809
7705
7493
7775
8014
7775
7694
7493
7775
7883
8019
8019
7692
7647
7425
7887
7887
7887
7843
7887
7887
7668
7405
7180
7145
7405
7180
7499
7062
7250
7250
7062
7180
7499
7405
7499
7250
7250
7180
7157
7264
7180
7152
7143
7180
7499
7368
7883
7642
7368
7843
7368
7563
7642
7775
7775
7666
7666
12072
11891
11892
11590
11669
11891
11669
10862
10862
10862
10862
10862
11590
10282
10341
10862
10460
10341
10862
10862
10892
10862
10862
10862
12096
11008
11669
11892
11892
12897
12897
12897
12096
11897
10862
11892
11892
11897
11897
11897
11892
12096
12096
12897
12849
12096
12072
11897
11897
11892
11897
11897
11897
11897
11897
12096
11897
12096
12072
11892
11891
11897
11547
12072
12072
11892
11859
12072
11897
11590
12072
11897
12051
12072
12072
12072
12072
12096
12897
12897
12096
12096
12096
11897
11891
10862
11300
10862
10862
11590
10862
10862
10862
10862
10447
10447
10862
10447
10460
10447
10447
10447
10862
10862
10862
10862
10862
10862
11338
10862
12072
10862
10862
10862
10862
11891
11669
11338
10862
10862
10862
10862
10862
10862
10862
10862
10862
10862
11338
11338
10862
10892
10862
10862
10862
10862
10862
10862
11008
10862
10862
10282
9854
9069
9451
9854
9632
9072
9072
9649
9814
10282
9854
9444
9854
9649
9854
9069
9444
9854
9854
9854
9854
9854
9404
9465
9854
9069
9069
9069
9069
9069
9069
9404
9069
9854
9788
9069
9069
9069
8984
9069
9069
8984
9069
9069
9069
9069
9404
9069
9451
10282
9444
9069
9590
9069
9458
9590
9673
15862
15862
15862
15862
15862
15862
14897
14897
14862
14096
14862
14862
16096
14897
14897
15897
14897
14862
16096
15862
16096
15862
14897
15862
15862
15862
16096
16897
16897
16897
16897
17897
17897
16897
16096
15862
16096
16897
16897
16096
16897
16897
17096
17096
17096
17096
17096
16096
16096
16096
16096
16096
16096
17096
17096
17096
17096
17096
16897
16096
17096
16096
17096
16096
18096
16897
17096
17096
17096
17862
17897
18096
17897
18897
17897
17897
18096
18096
18897
18096
17096
17096
17897
16897
16897
16096
16096
15862
15862
16096
16096
15862
16096
15862
16096
15862
15862
14862
15233
14897
15233
15862
15862
15228
15085
14897
15228
16096
16096
15862
15862
14897
15862
15862
15428
15862
14962
14096
14862
14096
14096
13892
14096
14862
14897
14897
14897
14862
14862
14897
14897
14862
14862
14862
13862
14862
14862
14862
14096
14862
14096
13862
13862
12897
13862
13982
13982
13862
13862
13862
13862
14096
13982
14096
14085
13862
14061
13982
14085
14061
14086
13982
14085
14085
13862
13549
13892
13862
14086
14085
13521
13549
12998
13174
13330
12962
13174
13404
13174
13174
13862
14096
14096
13862
13862
14096
14096
14096
14096
14096
14862
14862
13862
13862
14862
14096
14096
14096
13892
21609
20277
19061
19061
19579
19499
20557
19724
18897
20227
19411
19499
20151
19852
20288
20264
19499
19499
20151
19360
20151
20109
19579
19579
19579
20151
20905
20729
20151
19529
19714
20151
20503
20151
20151
20503
20151
20151
20151
19852
20503
20503
20503
20151
21849
20503
20227
20227
20962
20503
20151
20151
20909
20502
20962
22799
20502
20502
20643
19852
19852
20151
21081
20502
20503
20151
19585
20190
20151
20557
20151
20151
20151
20151
20579
20151
20503
20503
20503
20503
19579
20151
20597
21849
21209
20862
19579
20151
20151
20557
20503
21081
20862
20151
20496
20503
20503
21007
20750
20151
20503
20503
20905
20502
20862
20503
20503
20503
20862
20502
21081
20962
20750
20502
21007
20502
20227
20502
20151
20151
19844
19318
20151
21144
20750
20702
20503
21144
21085
20905
20700
19579
20862
20649
19499
20862
20252
20503
20503
20151
20109
18096
18096
17897
18096
17897
18096
18096
18096
18096
18096
18096
18096
18096
18096
18897
17897
18096
19579
19701
18897
18096
18096
18096
17897
17897
17897
17897
18096
17897
18096
17096
17897
17897
17897
17897
17897
17897
17897
17897
17897
19579
19579
18096
17897
18096
17897
19499
18096
19544
18096
17897
16897
10460
19499
18096
18096
18096
17897
14862
14096
14096
14862
14096
14862
14096
14096
14096
14096
14096
14096
14862
14096
13982
13982
13982
13982
14096
14096
14897
14096
14096
14096
14096
14862
14897
15862
16096
15862
16096
16096
14897
14897
14897
14897
15862
16897
14862
14862
15862
16096
16096
16096
15862
15862
16096
15862
14897
15232
14897
14897
15862
16096
16096
16096
15962
16096
15862
15897
15862
16096
15862
16096
16096
16096
16096
16096
16096
15862
16096
16096
15862
16096
15862
16096
16096
17096
16897
16897
15862
15862
16096
16096
16096
16096
16096
15862
15962
15862
16096
15862
15862
15862
15862
15897
16096
15862
14897
14897
14862
14862
14096
14862
15347
14862
15862
15897
15102
15655
15862
15862
14862
14897
14897
15862
14897
14862
14897
14862
14096
14096
14897
14862
15102
14897
14897
16096
16897
15862
14897
15232
15862
16096
14897
14897
14862
15862
15862
15897
14862
14096
13962
13862
14096
14096
14096
14096
14096
14061
13814
14096
14096
14061
14096
14096
13982
13862
14061
14056
14528
14575
14096
14085
13862
14096
14061
14061
14085
14096
13520
14085
14096
14096
14096
14096
14085
13862
13982
13862
14086
14061
14096
14096
14096
13862
14086
14061
14096
14096
14096
14096
13862
14085
14061
14096
13862
14096
14096
9444
9061
9061
8677
8984
8778
9061
9061
8984
8677
8676
8587
9069
9084
9084
8308
8578
8694
9069
9084
8902
8984
8263
8578
8491
8725
9069
9069
8984
8692
8856
9069
9069
9069
9069
9072
9069
8895
9069
9069
9069
9072
8984
9069
9069
9069
8984
9069
9069
9069
8677
8984
8984
9087
9069
9069
9069
8984
8479
8479
8982
8984
9069
9069
8479
8725
8649
8984
8984
9069
8778
8677
8649
9069
8984
8984
9069
8984
8984
9069
9069
9069
9069
9069
8984
8984
8984
8856
9245
9410
9069
8984
8984
8984
8984
8984
8984
9069
8984
9069
8677
8705
8725
8687
8846
8902
8574
8651
8952
8984
8984
9069
8677
8677
8677
8597
8206
8282
8282
8496
8019
8487
8778
8984
8984
9069
8984
9069
9069
9069
9087
9076
9076
9069
9069
9069
9069
8984
8984
8484
8484
8006
7490
7493
7647
8019
7843
7639
7447
7703
7775
8019
7640
7775
7775
7887
7639
7703
7909
8167
8171
7909
8019
7705
7887
7887
7887
7909
8206
7692
7396
7458
7843
8019
8059
8019
8059
8019
8014
8165
8165
8263
8300
8174
8165
8300
8300
8131
8278
8308
8172
8984
8014
8165
8172
8300
8487
8014
5128
7876
7180
7264
7405
7405
7405
7405
7405
7405
7405
7203
7152
7405
7405
7157
7157
7157
7157
7264
7245
7180
7264
6787
7180
7180
7180
7499
7405
7405
7425
7425
7425
7703
7425
7493
7692
7180
7405
7705
7431
7640
7788
7887
7703
7703
8984
7887
7887
7703
7806
7195
8017
7775
7887
8019
8172
8062
7882
7692
7499
7499
7405
7640
7490
7490
7405
7405
7375
7264
7425
7405
7405
7368
7405
7405
7332
7405
7405
7668
7887
7405
7678
7452
7843
7806
7775
7639
7787
7775
7775
7909
7887
7887
7703
7703
7449
7493
7668
7563
7264
7425
7364
7333
7264
7431
7264
7375
7405
7368
7477
7639
7640
7333
7264
7405
7909
7264
7180
7198
7180
7180
7016
7368
7405
7368
7843
7843
7775
8014
7883
7775
7843
8062
8059
7909
7887
7668
7493
7692
7493
7180
6909
6787
6787
6787
6787
6787
6787
6587
6787
6787
6787
6643
6909
6787
6787
6587
6787
6787
6787
7063
6787
6787
6787
6275
6787
6587
6487
6587
6587
6487
6381
6305
6275
6180
6275
6275
6180
5925
5872
6086
6277
6275
5930
6274
6277
6277
6644
6372
6305
6644
6706
6283
6487
6487
6372
6274
6787
6372
14897
13330
12962
13862
13330
13962
14096
14096
13862
13548
13330
13330
14085
13862
13174
13174
13174
12897
13174
13499
14056
13174
12962
13174
14096
13174
13174
13862
13862
14061
14061
13330
13636
13862
13862
13862
13862
13862
13499
13499
14085
14085
14085
14085
14096
13862
13862
13862
13862
13862
12962
12897
13862
14096
14061
14096
13862
13862
13174
13174
12962
13174
14085
13862
13862
13174
12962
12962
13174
13174
12897
13174
14085
13862
14096
13862
14096
14096
13862
14096
14096
14096
13174
14096
14096
14085
14085
14096
13982
14096
14096
14096
13862
14061
13982
13862
13862
14096
14061
13862
13862
13862
13499
13862
14096
14096
13862
13862
14061
14061
14096
14862
14096
14096
14096
14096
13982
14085
14096
13962
13862
12897
13499
13892
13892
14096
13862
13982
14085
13862
14096
14086
14096
14061
13862
13862
13547
13862
13499
13892
12962
12962
12897
12096
12897
12897
12897
12096
12051
12051
12897
12962
12897
12897
12897
12096
12096
12897
12897
12897
12897
12897
12897
12897
12897
12897
12096
12862
12862
12096
12072
12403
12051
12862
13174
12096
12897
12897
12897
12897
12897
12897
12962
12962
12897
12962
12897
12897
13174
12897
12897
13174
11897
12897
12897
12897
12897
12897
12897
15862
15862
15862
15862
14897
15862
14897
14897
14897
14862
14096
14096
14096
14862
14096
13862
13862
14096
14096
14096
14096
14096
13962
14096
14061
14862
16096
16096
16096
16096
16096
15862
14897
14862
14862
16096
14897
15862
14897
15862
16096
16096
16096
15962
15962
16096
15962
15862
15862
15862
14862
15862
15862
15862
15862
15862
15862
15862
15862
14897
14897
15862
15862
15862
15862
14859
15862
15428
14897
14897
14862
14897
14897
14862
14862
14096
14897
15862
15549
15862
15085
14897
14897
15590
14897
14862
14862
14862
14862
14862
14862
14862
14662
14862
14096
14096
14096
14862
14096
14096
14085
14061
14061
14085
14096
14096
14061
13862
13982
14085
14085
14086
13862
13862
13547
14061
13862
13862
12962
12962
12897
12897
13174
13174
13505
13862
14061
13862
14085
14096
14096
14096
14096
13982
13862
13982
14096
13862
13174
13862
13862
12897
12897
12051
12051
12051
12051
12051
12072
11897
12086
12897
12072
12072
12072
12096
11897
11897
14085
12962
12962
12962
12096
12056
11897
12072
11897
11897
12072
11891
11590
11897
11590
11547
12072
11891
11590
11590
11590
11897
12096
12096
12072
12096
12096
12897
12096
12096
12897
12897
12897
12897
12897
12096
12096
12096
12897
12051
11897
12897
12897
12051
12051
11897
12096
12096
11897
12072
11897
11897
12072
12051
12096
12072
11897
11897
11897
12072
12072
12061
12072
11897
11897
12072
12096
12096
13174
11897
11897
12072
12051
12897
12051
12051
12096
12096
12096
12096
12096
12897
12897
12096
12096
12096
12897
12072
12096
12897
12072
11897
12072
12897
12072
13174
12897
12897
12897
12051
12072
12051
12072
12072
12072
11897
11897
11338
11547
12072
11891
11891
12072
12072
12096
12072
11897
12096
12072
12072
11897
12072
12096
12072
12096
12051
11897
12072
12096
12897
12897
12897
12897
12072
12897
12096
11897
12051
12096
12096
11897
12061
11897
11897
12072
12061
12072
11897
11897
12072
12072
12072
12096
11897
11897
12072
12072
11897
11897
11897
11897
11897
11590
12072
12072
12072
12072
11897
12072
12096
11897
12072
12051
12051
12051
12072
12072
11897
11897
12096
11897
11892
12072
10962
10862
10862
10892
11157
10862
10862
10862
11165
11157
10982
10862
10862
10862
10862
10862
10982
11157
12096
12072
10982
11338
10862
10862
10862
12072
10962
10892
11157
11008
10862
11165
10862
11590
11338
11669
10862
10862
10862
11453
11157
10862
10862
10862
10862
10982
11506
11338
11669
12072
10862
10862
11506
10862
11590
10862
10862
18096
16897
16897
16096
15862
15862
15862
15862
15862
15862
15862
15862
16096
16096
16096
15862
15862
15428
15862
15862
15862
15862
14862
15862
15428
15862
16096
17096
16096
16096
16096
16096
15862
15862
16096
15862
15862
16096
15862
15862
16096
16096
15862
15862
16096
16096
15862
15862
15862
15862
15862
16096
15862
16096
16096
16096
16096
16096
15862
15862
15232
15862
16096
16096
16096
15862
15233
15897
16096
16096
14897
15862
15862
16096
16096
15862
16096
16096
16096
16096
15862
15862
15862
16096
16096
15862
16096
16096
16096
16096
16096
16096
14862
16096
15962
15862
15862
15862
14962
15862
15862
15347
15233
15233
15862
15862
14897
14897
14897
15862
15862
16096
15862
15862
15232
15862
14962
14897
14862
14862
14862
14096
14862
14897
15102
16096
16096
15862
16096
16096
14862
15862
15862
15862
14897
14862
14897
15102
15862
14897
14096
13892
13892
13174
13892
14096
13892
13982
12962
12962
13499
13982
13499
13862
13308
13862
13174
13862
14096
14061
14096
14096
13862
14061
13862
12962
12962
13308
13505
12897
12897
12897
12897
12096
12096
12897
12096
14096
12051
12096
12897
12897
12897
14096
12897
12897
12897
12897
12897
12897
12962
13174
12486
12096
12897
12897
12897
12096
12096
16897
16096
16096
16897
16096
15862
16096
16897
16096
15862
15862
15862
16096
16096
15862
15862
15862
15862
16096
15862
16897
15862
15862
15862
16096
15862
16096
16096
15862
15862
15862
14897
15862
16096
16096
16897
15862
15862
16096
16096
17096
16096
16096
16897
15862
16096
16096
16096
16096
15862
15862
16096
15862
16096
16096
17096
16096
16096
15862
15862
15862
16096
16096
16096
15862
15862
15962
15962
16096
16897
16096
16096
17096
16897
17096
17096
17096
17096
17096
17096
17096
17096
17096
17096
18096
17096
17096
17096
17897
17897
18096
17897
17096
16897
17096
16096
16096
16897
16897
17096
17096
16897
16897
16096
17096
17096
16897
16096
16096
16096
16897
16897
16096
15862
16096
16096
14862
15862
15228
16096
15862
15862
16096
16897
16096
16096
17096
16096
16096
16096
16096
16096
17897
16897
16897
16096
16096
16096
16096
16096
15862
15862
14862
14862
14862
14862
15862
14897
14862
14897
15102
14862
14862
14897
14862
14862
14862
14862
14852
14897
14862
14862
14897
14862
14862
14862
15232
14862
14897
14862
14862
14862
14862
14862
14897
15862
14897
14897
15862
15862
16096
15862
15862
15862
15862
15862
15862
15862
15862
15862
15862
15862
15862
16096
15862
15862
16096
16096
15862
20151
18096
18096
17897
19499
20190
20190
19579
18897
18096
18897
19579
19579
19596
18096
17897
19579
19061
18096
19418
19579
19852
18051
18096
18096
18096
19076
19360
18096
18096
18096
18897
19360
20962
21709
20502
18096
18096
19579
20151
20502
20502
20502
19852
18897
19360
19579
20750
21144
19579
18096
19579
19579
20774
21007
24897
22897
20404
20702
19579
20151
20062
19579
19360
20151
20151
19072
18897
18897
18897
19579
19056
20962
19852
19499
18897
20151
19579
18897
19579
21176
20151
19579
21007
22192
21101
20502
21193
20502
22799
21007
22222
20502
20227
20862
19737
20962
21849
21144
20962
20557
20151
20151
20151
21101
21849
19579
19544
20227
20503
20905
20557
20227
19937
20151
20557
19218
19499
20502
19716
19579
18096
19499
19579
19834
19718
21367
21007
20503
20502
20557
20557
20503
20503
20151
19579
19749
19376
19860
19499
19579
18096
18096
17897
19739
19745
18096
17897
17096
18096
18096
18096
17096
17096
17096
17096
16897
17096
17897
18096
18096
18036
17897
17897
17897
17897
17897
16897
17897
17096
16897
16897
16897
17096
17096
16897
16897
16897
16897
16897
17096
17096
16897
16897
16897
16897
17096
17096
16897
16897
17096
17096
15862
16096
16096
16897
17096
16096
16096
16897
15862
15862
16897
16897
16096
16096
15862
16096
15862
15862
16096
16096
16096
15862
15862
16096
15962
15897
16096
16096
16096
15862
16096
16096
15862
16096
17096
16096
16096
16096
16096
16096
16096
16897
16897
16096
16096
17096
16897
17096
17096
16897
16897
16897
16897
16897
16897
17096
16096
15862
16096
16096
17096
17096
17096
16897
16096
16096
15862
16096
16096
16096
16096
16897
16096
16096
15862
16897
16096
15862
16096
16096
16096
16096
15862
16897
16897
16096
16096
16096
16897
16096
18096
17096
16897
16897
16897
16897
17096
17096
16096
16897
17096
17096
16897
16897
16897
16897
16897
16096
16096
16096
16096
16096
16897
16096
15862
16897
16096
16096
16096
16096
16096
16096
17096
16096
16096
16096
15962
15862
16897
16096
16897
17096
16096
16897
16096
16096
16096
16096
16096
16096
16096
16096
16096
15862
16096
16096
16096
15862
15862
14962
14096
15862
15862
15862
14862
14862
15862
16096
15862
15862
15862
15862
14862
15862
15862
14897
14862
15862
15347
14862
14862
14862
14862
14862
14096
14096
14862
14897
14862
13962
14096
14862
14862
14096
14096
14862
14096
14862
14862
14862
14862
14862
13962
13862
14096
13862
13862
13174
14096
14096
14096
13899
13862
14096
13862
13862
6155
6155
5872
5905
5905
6014
6138
6105
6113
6138
6113
5887
5872
6105
6155
5872
5957
5957
6155
6154
6154
5872
5786
5905
5995
6180
6277
6305
6277
6305
6277
6277
6277
6277
6277
6277
6277
6787
6277
6277
6587
6587
6787
6277
6587
6587
6357
6277
6587
6787
6587
6487
6487
6587
6787
6787
6787
6346
6277
6275
6277
6277
6644
6587
6275
6587
6277
6277
6277
6180
6277
6277
6644
6277
6587
6451
6451
6372
6372
6193
6275
6275
6277
6275
6372
6487
6346
6372
6644
6305
6372
6372
6372
6388
6346
6396
6277
6275
6277
6086
6113
6277
6138
6277
6275
6277
6277
6085
6138
6277
6277
6248
6086
6138
6277
6277
6138
5957
6086
6138
5957
6086
6396
6342
6277
6644
6644
6372
6644
6352
6275
6275
6275
6372
6346
6587
6262
6372
6305
6277
5887
5872
5605
5457
5457
5887
5872
5603
5605
5457
5872
5872
5872
5786
5605
5786
5666
5666
5666
5666
5666
5666
5957
5666
5666
5666
5786
5666
5802
5605
5786
5786
5786
5802
5905
5957
5787
5786
5802
5872
5905
6305
5802
5786
5957
5874
5802
5802
5666
5802
5802
5925
5802
5805
5666
5806
5806
5805
5806
14862
14862
14096
14096
13862
14513
14096
13962
13862
14086
14085
14085
14096
14096
14096
13862
14096
14061
14096
14096
14096
14096
13982
14086
14061
14096
14862
14096
13962
14096
14061
14061
14096
14096
14096
14096
14061
14096
13982
14096
14096
14096
14862
14096
14096
14862
14096
14096
14862
14096
14096
14862
14862
14862
14897
14897
14897
14897
14862
14096
14862
14096
14096
14862
14096
14862
14096
14096
14096
14096
14096
14096
14862
14897
14897
14096
14862
14862
14897
14862
14897
14897
14862
15862
15862
15862
15102
15862
15862
15862
15862
15263
14862
15102
14862
14096
14096
14862
14862
13962
14096
14096
14096
14862
14862
13962
14096
14096
14096
14096
14565
14862
14061
14096
14096
14096
14096
13982
14062
13862
13862
14085
14096
14862
14862
14897
14897
14897
14897
14096
14096
14897
14862
14096
13962
14862
14862
14862
14862
14096
14096
13862
13862
13862
13862
13862
13174
13174
12897
12897
13174
14085
13499
13174
13330
12982
13174
13174
13862
13540
14056
13174
13174
12962
12962
12962
12897
12897
12962
12962
12962
12096
12096
12897
12897
12897
12096
12096
12096
12897
12897
12962
12897
12897
12962
12897
12897
12897
12897
12897
13174
13174
12096
12962
12897
12962
13505
13174
12897
14862
14096
13862
12897
12897
14096
12962
12897
12897
12897
12897
13862
12897
12897
12897
12897
12862
12897
12897
13174
12897
13174
12897
12962
13174
14862
14862
13862
12962
14096
13521
14096
13892
13174
13330
13862
14096
13499
13330
13330
13513
13527
13862
13499
13862
13862
13862
13521
14897
14096
13862
14061
14862
14096
14905
14096
13862
14096
14096
13862
13862
13862
13862
13862
13413
12982
13862
12962
13330
12897
12962
13174
13505
14096
14096
12897
12962
12962
13174
13174
13174
13174
13174
14096
14096
13982
13174
13330
13982
13862
13499
13499
13499
13174
13330
12897
13174
12962
12897
12897
12897
12897
12897
12897
12897
12897
12897
12897
12897
12962
12897
12962
12897
12897
12897
12897
12897
12096
12096
12096
12051
12051
12962
12962
12962
12962
12897
12982
13174
12897
12897
12897
12962
12962
12897
12897
12897
12897
12897
12897
12096
12096
11897
12096
12072
12072
12072
11897
11891
12072
12086
12072
11897
12072
12072
11897
11441
11897
12072
12072
12096
12072
12072
12051
11897
11897
12505
11897
11891
11897
11669
11862
11891
11590
11394
11394
11338
11338
11338
11338
12086
12072
12072
11547
11891
11891
11547
11897
11891
11897
11808
12096
11590
12072
11891
12072
11897
12096
12072
10282
9446
9069
8677
9069
8984
9069
8984
8984
8984
8814
9069
9069
9069
9147
8984
8895
9069
9069
8984
9069
9072
9069
8984
9069
9069
9069
9069
9069
8984
8640
8677
9087
9087
9069
8984
8574
8984
8784
8984
9069
9069
9069
8984
9061
9061
9061
9061
9854
9673
9446
9446
9590
9673
10282
10282
10282
9590
9907
9069
9069
9444
9590
9590
9444
9446
9061
9069
9069
9069
9069
9072
9446
9702
9510
9069
9069
9854
9260
9069
9069
9072
9069
9446
9231
9465
9069
9069
9277
9072
9069
9404
9245
9230
9072
8984
9069
9069
9069
8484
8778
8386
8984
8984
8984
9076
8725
8386
8481
9069
9069
9072
8555
8676
9069
9069
8984
8984
8778
8676
8481
8561
8984
9069
9072
8984
9069
9069
9590
9069
9084
9069
9069
9069
8984
8984
8984
9069
8984
9069
8778
8778
8778
7703
8186
8165
8019
7694
7692
8019
8019
8019
7882
8019
8019
7882
7882
8019
7909
8019
8019
7882
8019
8019
7806
7499
7499
7493
7787
7639
7639
7333
7493
7373
7359
7499
7405
7333
7333
7499
7425
7368
7640
7333
7368
7373
7368
7405
7775
7866
7333
7883
7478
7405
7405
7775
7493
7405
7264
9673
9444
9069
9087
9087
9069
9069
8171
8019
8984
8172
8300
8487
8487
8308
8296
8484
8296
9069
8984
9069
8484
8536
9076
9069
9069
9069
9069
9069
9069
9069
9069
9069
9069
9069
9087
9069
9061
8984
9069
9069
9072
8984
8984
9069
9069
8984
9069
8984
8852
8308
8984
8984
9069
9069
9072
9069
8984
8895
8447
8984
8725
8984
9069
8984
8984
8536
8484
8952
8984
8984
8984
9069
8984
9069
8677
9069
9069
9069
9069
8984
8984
8984
8902
9039
8725
8725
8557
8677
8902
8984
8487
8487
8677
8487
8302
8487
8487
8536
8172
8305
8536
8396
8325
8536
8984
8263
8172
8296
8559
8206
8984
8143
8172
8296
8447
8138
8138
8014
7703
7694
7694
8138
8172
8165
8447
8447
8447
8447
8425
8447
8447
8308
8198
8016
8172
8172
8172
8172
8300
7990
7705
7405
7195
7775
7775
7563
7499
7405
7563
7493
8165
7692
7452
7405
7405
7639
7405
7493
7639
7887
8206
7887
7493
7909
7775
7405
7488
7488
7678
7678
7264
7425
7488
7405
6787
7094
7180
6909
6918
7094
7264
7264
7405
7668
7405
7180
7180
7264
7180
7180
7264
6787
7062
6787
7062
7264
7062
6998
10892
10862
11669
11448
10862
10892
10862
10862
11453
11453
11338
11300
11338
11338
10862
11338
11338
11157
11338
11286
10892
11286
10862
10892
11338
11669
11897
11590
10962
11506
11338
11547
11547
12072
11897
11506
11590
11590
11506
11590
11590
11394
11338
11590
12072
12096
11897
11897
11897
11897
11897
11897
11897
11897
12072
12072
12072
11590
11897
11891
11669
11897
11338
11590
11547
11590
11590
11590
11506
11547
11590
11891
12897
12096
12096
11897
11669
11669
12072
11897
11897
11897
11891
12072
12072
11897
11897
11897
11897
11897
12086
12086
11897
11891
11494
11494
11494
11891
11891
10862
10494
10494
10282
10862
10862
10282
11008
10862
10478
10579
10460
10282
9854
10282
10447
10597
10282
10062
10282
10282
9673
9644
10282
10282
10282
10460
10282
10447
10282
10282
10447
10326
10447
9882
9882
10282
10460
10460
10460
10862
10062
9854
9632
9854
9854
9854
9854
9428
9632
9788
9854
10282
9678
9702
9702
9632
9468
9590
9854
9854
9854
9673
9396
9565
9428
9069
9673
9069
9632
9353
9069
9069
9069
9069
9069
9069
9069
9069
9069
8984
9069
9069
9069
9069
9069
9451
9069
9069
9069
9069
9069
9451
9404
9072
9069
9087
9072
9069
8984
7692
7692
7493
7806
6113
6274
6787
6138
6180
6274
6113
6305
6787
6787
6346
6277
6180
6138
6138
6787
6787
6372
6277
6644
7157
7157
7157
7563
7152
7062
7157
7062
6787
6787
7180
6787
6787
6787
6787
6587
6787
7062
7062
7062
7062
7264
6909
6787
6787
6909
6372
7405
6787
7062
7062
7180
7180
6787
7180
6787
6706
6787
6787
7062
7269
6802
6787
6787
6787
6787
6787
6787
7180
7264
7062
7062
7268
7180
7062
7121
6787
7062
6787
7180
7062
6787
6787
6787
7094
7180
7245
7094
6787
6787
6706
6787
6451
7062
6787
6372
6587
6787
7062
6787
6361
6603
6644
6113
6787
6787
7062
6787
6274
6105
6787
6787
6138
6396
6277
6086
6138
6085
6138
6277
6644
6372
6644
6643
7062
6372
6643
6787
6372
6275
6284
6138
6219
6184
6275
6644
6644
6085
5887
5887
5666
5872
5872
5666
5666
5887
5805
5872
5872
5872
5776
5682
5682
5666
5666
5666
5957
5802
5666
5606
5666
5666
5666
5666
5802
5619
5666
5666
5786
5786
5649
5649
5666
5496
5787
5786
5649
5887
5786
5666
5666
5957
5666
6012
5930
5666
5802
5905
5957
5666
5666
5666
5930
5666
5999
9678
9854
9854
9854
9854
9854
9882
9854
9854
10062
9917
9917
10282
10062
9854
10282
10062
9854
10282
10282
9959
10282
9854
10062
9917
9854
9854
10282
9583
9854
9673
9854
9917
10282
10282
9882
10282
9666
9917
9854
10388
10282
10282
9854
9854
10282
10282
10282
10862
10460
10326
10282
10282
10862
10862
11008
10862
10460
10460
10282
9854
10282
10282
10282
10282
10282
9854
10282
10282
10282
10282
9986
10282
9882
10460
10282
10282
10662
10062
10282
10460
10282
10282
10447
10862
10442
10447
10282
10662
10862
10662
10862
10557
10460
10282
10282
10282
10282
10282
9854
9854
9854
9854
10261
10062
9662
9854
9673
9673
10062
10282
10282
9854
9854
10282
10282
9788
9788
9673
9510
9428
10282
10557
10282
10282
10282
10282
10460
10460
10282
10282
10282
10062
10282
9854
10282
10282
10282
9963
9911
9590
9673
8377
8677
9069
9147
9069
8677
9069
9069
9069
9444
8677
9069
9072
8984
8984
9069
9069
8902
9069
8856
8984
9069
8487
8206
8308
8984
9072
8778
8984
8282
8293
8383
8192
8172
8198
8019
7843
8019
8172
8172
8206
8206
8296
8172
8296
8447
8394
8296
8172
8702
8263
8249
8580
8484
8447
8243
7887
13862
13862
12962
12897
12096
12096
12096
11897
12096
12072
12072
12072
12072
12072
11897
12072
12072
12072
12072
12096
12096
12086
11897
12072
12051
12962
12962
12096
12051
12897
12897
12897
12897
12897
12897
12897
12897
12862
12862
12051
12897
12897
12096
12649
13174
13174
12897
12897
12897
12096
12096
12897
12499
12096
12897
12897
12096
12897
12897
12096
11897
12897
12096
12897
12897
12096
11897
12096
12897
12096
12096
12897
12897
12897
12897
12897
12897
12096
12897
12897
12897
12096
12897
12962
12962
12962
12096
12096
12962
13174
12962
12897
12897
12962
12962
12096
12897
12096
12051
11897
12897
12051
12051
12096
12072
11897
12072
11897
12072
12096
13862
12051
11897
11897
12096
12862
12096
12096
11897
11394
11897
11897
11338
12072
12096
12096
12096
12061
12897
12072
12096
12897
12072
11897
12096
12096
12072
12072
12897
12897
11897
12096
11897
11892
11897
12072
12072
11897
11338
11338
11547
11897
12072
11338
11377
11897
11897
12096
12096
12072
12897
11891
12072
12897
12096
12096
12096
11897
11897
11892
11338
11547
11338
11338
12649
11338
11338
11338
11338
11338
12061
11669
11286
11338
12072
12072
11338
11547
11338
11008
11338
11897
10862
10862
11891
10962
11547
11892
10282
14862
14862
14862
14862
15862
14862
14897
14897
14096
14096
14862
14096
14862
14862
14096
14096
14096
14096
14096
14096
14096
14096
13982
14085
14096
14862
14862
14862
14096
14096
14862
14862
14521
14862
14862
14862
14061
14096
14096
14096
14096
14862
14862
14862
14897
14862
14862
14833
14897
14862
14096
14862
14862
14897
15897
14921
14897
14897
14862
14096
14862
14862
14862
14862
14862
14096
14468
14678
14096
13982
14096
14096
14862
14862
14862
14862
14862
14862
14862
14862
14862
14862
14897
15862
15862
15233
14862
15347
15347
15347
15862
14862
14897
14897
15232
14862
14862
15102
14862
14862
14862
14862
14096
14862
14862
14862
14096
14862
14862
16096
14862
14862
14096
14862
14897
14897
14862
14096
14096
14096
14096
14096
14862
14862
15862
15862
15862
14897
15862
15862
14862
14897
14897
15862
15228
15862
14897
14862
14862
15862
14096
14096
13892
12897
13892
14096
14096
13892
13499
13174
14085
14085
14085
13862
13330
12962
12897
12962
12962
13174
13505
12962
13174
12897
12897
12897
12897
12897
13174
12897
12897
12897
12897
12897
12096
12051
12096
12051
12051
12051
12051
12897
12096
12051
12096
12897
12096
12096
12096
12897
12096
12862
12096
12096
12096
12096
12051
12061
11891
10282
9854
10282
10282
9854
10282
9887
9393
9444
9069
9072
9444
9854
9590
9649
9673
9590
9854
10282
9673
9673
9565
9404
9069
10282
10282
10282
10282
9673
10282
10282
10282
9854
10282
10282
10282
9854
10447
9854
10282
10282
11008
10862
10282
10447
10282
10282
10282
10282
10282
9854
9565
10282
10282
10806
10282
10282
10282
9854
9854
9590
10282
10282
10282
10447
10062
9072
9444
9854
9510
9069
9069
9854
9854
9632
9479
9673
9673
9957
9444
9492
9854
10776
10282
9776
9854
10282
10282
10282
10862
10862
10282
9917
10282
10359
10062
9673
9444
9917
9854
9854
9590
9854
9468
9590
9590
10062
9590
9746
9398
9673
9882
9854
9428
9632
9854
9446
9410
9069
9069
9069
9069
9069
9271
9446
9673
9854
9590
9854
9428
9632
9590
9854
10062
9069
9401
9428
9253
9069
9510
8984
9069
8984
8984
9069
8984
9069
8984
9069
9069
9069
9069
9069
9069
9069
8677
8984
8984
9069
9404
9069
9072
8902
9069
9069
9087
9072
9053
8984
8895
8984
8474
8725
9072
9072
8984
9069
9072
8984
8984
9069
9069
8856
9072
9069
8725
8677
8984
9061
8275
9061
9069
8165
8677
9061
8984
9061
8984
9061
8984
8481
8386
8484
8484
8587
8447
8449
8308
8308
8308
8452
8484
9069
8386
8308
8404
8452
8484
9069
9072
8984
8677
8677
9069
9069
9069
9069
9069
9673
10062
10062
9069
9069
9069
9069
9069
9404
9087
9069
9069
9590
9590
8984
9069
9069
9444
8984
9069
9069
9069
9069
9072
9404
9451
9457
8649
9069
9069
9479
9498
9457
9053
9323
9019
9275
9087
8984
9069
9069
8984
8984
9069
9404
9069
9061
9061
9444
9673
9444
9061
9061
9061
9446
9061
8984
9061
8984
9069
9069
9069
9069
9069
8984
8725
8984
8984
8677
8677
8677
8447
8299
8138
8206
8017
8984
8447
8984
8984
9074
8984
8677
8654
8447
8694
9074
8677
8014
8019
8116
7788
7692
8138
8192
8192
8487
8484
8476
8447
8377
8300
8308
8484
8476
8014
8014
8206
8304
8206
8389
8019
7775
7775
7843
7775
8143
8019
7775
7359
7806
7961
8062
7887
7775
7703
7678
7639
7775
7692
7639
7639
7692
7692
7799
7478
7639
7787
7603
7603
7639
7499
7405
7405
7499
7499
7499
7375
7250
7405
7405
8141
8652
8677
8206
8263
8361
8172
8391
8482
8383
8383
8263
7843
8172
8379
8383
8325
8172
8279
18096
17096
16096
16096
15862
15862
14862
15862
14096
14096
14897
14096
14862
16096
14862
14096
14096
14096
14860
14897
14897
14862
14096
14862
14862
14897
16096
16897
16096
16897
16897
16897
15862
14862
14862
14862
14862
16096
15862
15862
18096
18096
18096
18096
18096
18096
16897
15862
15862
16096
15862
16096
15862
15862
16096
16096
15862
16096
15862
14096
14862
15862
16096
16897
15862
14862
14567
14862
16096
16096
15862
14862
16096
16096
16096
16096
16096
16096
17096
16096
14862
14862
14897
16096
14897
14897
15862
14862
14897
16096
16897
15862
14862
14862
14096
14096
14862
14096
14096
13862
13862
13862
14085
13982
14096
14085
14085
13892
14086
14096
14096
14096
13982
13862
13862
14096
13499
13499
13892
13862
12897
12897
14056
14085
14061
14096
14096
14061
14096
14096
13982
14096
14096
14096
13862
13535
14085
13862
13862
13862
12897
12897
12897
13505
14061
13982
12897
13174
13862
13330
14096
12897
12962
14096
14096
13962
13862
14096
13862
13862
13174
14096
13699
12962
14085
12897
12897
14096
13862
12962
13499
14096
13862
14096
14096
14862
14096
14096
14096
14422
14096
14085
14096
14096
14096
13862
14096
14897
14897
14897
14096
14862
13862
14096
14862
14948
14096
14862
14862
12096
12072
12096
12096
12096
12096
12897
12096
12096
12096
12897
12897
12897
12096
12072
12072
12072
11897
12072
12096
12897
12096
12072
12096
12096
12897
13174
12897
13862
13174
14096
13982
13862
12962
12897
12897
12962
13862
13862
14096
14061
14096
13962
13892
14096
13862
14096
13862
12962
12962
13862
13862
14096
14096
14096
13862
12982
13982
13862
12897
13982
13174
12897
13174
13862
13547
13174
13547
13862
13330
13174
13862
14061
14096
13862
13862
13862
14056
13862
14061
13862
13862
12962
12962
12897
12897
12897
12897
12897
12897
12897
12897
12897
12096
12096
12051
12096
12051
12897
12072
11897
11891
11891
12072
12072
11897
11897
11897
11897
12072
11897
12072
11897
11897
11897
12072
11897
12072
12051
12096
11897
11383
12072
12072
12072
12072
12096
12072
12072
12072
12072
12072
12072
12096
11338
11897
11897
11897
11897
11891
11897
10862
10862
10862
10862
10862
10862
10862
10862
10862
11394
10862
11338
10862
10862
10862
10862
11338
11338
11669
11590
11547
11394
11338
11338
11338
11669
11338
11338
11452
11338
11669
12072
11897
11547
11452
11286
11897
12072
12072
12096
12072
12072
12072
12072
12072
12096
12096
12897
12096
12897
12962
12096
12096
13174
12897
12072
13174
12962
13174
12072
12072
11891
11338
11892
11892
11891
11891
11338
11338
11338
12072
12072
11859
10862
10862
10862
10892
11590
12072
11338
10862
10982
10862
11897
12072
12897
11891
11891
11891
11338
11897
12072
11897
12096
11891
12072
12072
11897
12096
12096
12096
12072
12897
12897
12096
11897
12897
12096
11897
12096
12096
12897
12962
12962
12897
11897
11897
11892
11891
12897
12096
12096
11897
11892
12096
12096
12072
12072
11506
11891
11891
12072
11897
12072
12072
11897
11897
11897
11897
11897
11494
12086
12072
11897
12072
11897
11897
12072
11897
11897
11891
11891
10962
11669
10962
11669
11669
10962
10862
10892
10862
10862
11008
10892
10862
10282
10649
10862
11157
10862
10862
10282
10648
10862
10282
10862
10862
10862
10282
10282
10862
10862
11338
10862
10862
10282
10862
10862
10862
10862
11300
10862
10891
10862
10282
10862
10862
10862
10282
9673
9565
9510
10282
10282
10282
9854
9510
10282
10062
10227
10062
10282
9854
9854
9673
9854
9917
10277
10282
9852
9852
9788
9428
9854
10282
10282
10282
9632
9428
9393
9444
9854
10282
9854
9494
9393
9281
9428
9814
10282
9854
9590
9854
9590
9854
9854
10282
9854
9854
9702
9069
9069
9917
9854
9958
9854
9917
11892
10862
11451
11649
11891
11891
10862
10862
10862
10862
11669
10892
11494
11338
10862
10862
10862
11157
11008
11453
11547
11157
10862
11338
11338
11338
11590
12072
12072
12072
12072
12096
12072
11897
11897
11590
11590
12072
12072
12096
12072
12096
12096
12051
12072
12096
12096
12096
12096
11897
12072
12096
12897
12897
13174
12897
12096
12897
12897
12897
12096
12897
12490
12072
12051
12897
12096
12072
12072
12072
12072
12072
12051
12051
12096
12072
12096
12096
12051
12982
12096
12096
12096
12096
12072
12072
12072
12072
11891
12072
12072
11897
12072
11590
11891
11891
11891
11453
11453
11453
10862
10862
10862
10862
10862
10862
10862
10862
10862
11157
10862
10862
10862
10862
10862
10862
10862
10862
10282
10447
10447
10447
10862
10862
10862
11448
10862
10862
10862
10862
10862
10862
10862
10862
10862
10862
10649
10862
10862
10862
10447
10447
9673
9590
9854
10447
10282
9854
9632
9854
9649
9854
9854
9673
9854
9673
9649
9854
10062
10282
10282
10282
9854
9678
9814
9444
9854
10062
9854
9510
9854
9486
9632
10860
11897
11891
11547
10862
11547
11338
11547
12096
12096
11394
11897
11897
11338
11897
12072
12096
11897
11897
11897
11897
11897
12096
11897
11897
12072
16096
14862
14862
14862
14897
14096
14096
14862
13982
14096
14096
13892
14096
14096
14897
13892
14085
14096
14862
14862
14897
14862
13862
14061
14086
14096
14897
16096
16096
14862
16096
15862
14862
14096
14096
14862
14096
15862
14862
14096
15862
16096
17096
16096
16096
14862
16096
14862
14897
14862
14862
14862
14862
15862
16096
16096
14862
14862
14862
14096
14096
14096
14862
14862
14862
13982
14096
14096
14096
14096
14096
13862
14096
14096
13862
14096
14862
16096
16096
16096
14897
14096
14862
16096
14862
14862
14862
14862
14862
14862
14897
14862
14096
14862
14546
14096
14096
14096
14897
14862
14096
13982
14096
14096
14096
14897
14096
13962
14096
14096
15862
15174
14862
14096
14862
14897
14862
14096
14862
14096
14096
14862
14862
16096
14862
14862
14862
14862
14862
14096
13962
14862
14096
14862
14096
14096
13892
14096
14096
14056
14085
13862
13862
12962
13862
13174
13862
13862
12962
13174
13513
13174
13330
13174
13862
12982
13447
13862
13547
13862
14096
14096
12962
13174
12962
13174
13174
12962
13862
13174
12962
12962
13547
13174
13174
14096
13982
12962
12962
12962
13499
13892
13862
13862
13862
13862
13499
14862
13982
14862
13330
13862
13892
14096
14096
13862
14061
12962
14096
6687
6277
6277
6199
6180
6180
5957
5887
5925
5905
5930
5786
5786
6155
5786
5786
5997
5786
5925
5930
5925
5786
5997
5702
5925
5930
6383
6346
6644
6372
7062
7062
6155
6138
6487
6105
6086
6644
6346
6277
6372
7195
6802
6802
7062
6708
6708
6372
6372
6372
6706
6706
6277
6305
6372
6372
6302
6277
6105
6277
6277
6138
6305
6277
6587
6277
5957
6305
6277
6113
6277
6172
6346
6277
6228
6277
6277
6787
6305
7062
6587
6277
6180
6277
6372
6787
6277
6086
6587
6787
6787
5957
6274
5930
5872
5666
5786
5975
5666
6085
5786
5957
5647
5786
5786
5706
5786
5905
5786
5786
5997
5887
5786
5786
5786
5786
5997
5666
5666
5997
5786
5336
5887
5957
5957
5786
5666
5786
5872
5925
5905
5925
6168
5887
5872
5872
5957
5905
5930
5930
5999
5802
5786
5666
5697
5957
5905
5666
5666
5786
5802
6085
5905
5905
5786
5872
5809
5786
5786
5809
5666
5666
5666
5241
5254
5241
5333
5349
5241
5241
5241
5241
5241
6333
6802
5997
6086
5241
5802
5694
5241
5241
5241
5666
5241
5241
5786
5872
5802
5241
6085
5786
5241
5241
5802
6451
5241
5802
5809
8984
8243
8307
7373
7264
7396
7603
7463
7405
7180
7180
7245
7463
7463
7180
7180
7180
7180
7264
7333
7405
7333
6918
7333
7640
7846
8206
8296
7846
8059
8019
8062
7703
7705
7806
7883
7639
7883
7703
7777
8172
8446
8138
8014
8192
8192
8138
8019
7843
7883
7341
7405
7843
8206
8249
8186
8186
8186
7264
7180
7405
7640
7883
7405
7405
7788
7640
7425
7787
7703
7239
7264
7456
7775
7640
7639
7787
7639
7639
7703
7703
7563
7703
8062
7887
7493
7493
7678
7806
7909
8206
7887
7425
7493
7405
7405
7405
7640
7405
7333
7254
7152
7405
7264
7264
7264
6787
6787
7062
7264
7333
7368
6787
6787
6800
7264
6930
6787
7062
6787
6787
6787
6787
7062
7062
7062
7062
7264
7264
7264
7250
7333
7405
7405
7405
7250
7225
7062
7062
7264
6787
7062
6787
6787
6787
6787
6787
6587
6487
6787
6587
6587
6587
6644
6487
6275
6587
6587
6372
7062
7062
7094
6372
6277
6165
6138
6277
6372
6277
6277
6180
7196
6277
7196
7062
6277
7333
7368
6372
7264
7373
7405
7909
7062
7405
7405
7105
7180
7368
7180
7264
7180
6138
7062
7180
7499
7062
7062
6372
12962
11891
11669
11669
11338
12072
12962
11321
12096
10862
11338
10862
11506
10862
11338
10282
10862
10862
11300
11300
11892
10862
10862
10862
10862
11338
12072
12072
10862
11892
11897
11669
11897
11669
11892
11590
10862
11590
11321
11897
12072
12096
11897
11897
12096
12096
11897
11897
12096
11897
11590
11590
12072
12072
12072
12051
11897
12072
12086
11897
10962
12051
12096
11897
12096
11897
11669
11897
11891
11897
11891
11891
12096
12096
12096
12897
11897
12897
12897
12096
11897
11897
11897
12897
12897
12897
11547
11892
11897
11897
12096
12897
11891
11891
11406
11891
12072
12962
12096
12096
12072
11338
12072
12072
12897
12897
12096
11338
12096
11897
12897
12072
10862
11897
12096
12096
12096
12096
12096
12096
11897
11892
12072
12096
12072
12096
12096
12072
12072
12072
12051
12897
13102
12096
11891
12072
12096
12897
12962
12897
11897
11897
11892
11891
11892
12072
11891
11590
10862
11300
11338
11891
11547
11897
11338
10862
11338
11590
11338
11338
12096
11590
11338
10862
10862
10862
11338
11338
10862
10862
10862
10862
10862
10962
11590
10862
10862
10862
10862
10862
11338
11300
10862
10862
10862
10962
10862
10862
11165
10862
10862
11157
10862
11157
10862
10862
10862
10862
10862
7189
7274
7488
7353
7353
7488
8984
8491
8493
8333
8333
8361
8496
8496
8487
8333
8447
8347
8484
8778
9069
8984
8692
8984
8984
8984
8984
9069
9069
9069
8984
9069
9069
9069
8984
8984
9061
9061
8984
9061
8984
8984
9069
9061
8696
8696
8984
8694
8984
9069
8984
9061
9444
9444
9444
9444
9404
9069
9444
9061
9061
9061
9061
9404
9069
9069
8677
9087
8984
9069
9069
9069
9069
9404
9069
9069
9069
9069
8984
9069
8984
9072
9069
9023
9069
8984
8827
9069
9069
9069
9069
8677
8984
8984
8856
8677
8984
8984
8984
8984
8779
8984
8478
8677
8984
8656
8984
8658
8677
9072
8984
8778
8587
8447
8536
9069
8984
8984
8587
8447
8142
8254
8725
8557
8557
8536
8778
8984
8487
9084
8557
8483
8725
8984
8487
9084
8587
8656
8546
8557
8487
8487
8587
7775
7909
8263
8172
7846
7846
8172
8206
8172
8172
8019
8019
7694
7887
8241
8172
8193
8172
8172
8019
8019
7806
8019
7806
7648
7806
7806
7668
7407
7405
7648
7264
7405
7405
7264
7264
7342
7353
7883
7405
7372
7372
7333
7477
7477
7463
7640
7463
7463
7474
7497
7483
7463
7463
7333
7463
17897
17096
16096
16096
17862
16897
16897
15862
15862
15962
15862
16096
15862
16897
15862
15862
16096
15862
15862
16096
16096
15862
15862
15862
17897
18096
18096
17897
17897
17096
18051
19072
17897
17096
16897
17096
17096
17897
17096
16897
16897
17096
17096
16897
17096
16897
16897
16897
17096
16096
17096
17897
17897
18096
19499
19660
17897
17897
18096
18096
16897
18096
18096
19579
17096
16897
16897
16096
17096
17096
17096
17897
18096
17897
17897
17897
18096
17897
17897
16897
16897
16897
16897
16897
17096
16897
16897
16096
17096
16897
16096
16897
16096
16096
16096
16096
16096
16096
16096
15862
16096
15862
15862
15862
15862
15862
15862
15428
16096
16096
16897
16897
15862
15862
16096
16096
15862
15862
14096
14862
14096
14897
15862
15862
15862
16096
16096
16096
16096
16096
15862
15862
15862
15962
15862
14862
15171
14897
14897
15862
14862
14096
13962
13962
14096
14096
14096
13862
14096
14096
13862
14096
13982
13862
14086
14096
13862
14086
14061
14061
14096
14096
14096
14096
13982
13982
14096
14086
14096
13982
13982
13862
13862
13892
13862
13862
13862
13547
14096
13862
13982
14096
13982
13982
14061
13862
14086
14096
14061
14096
14096
14862
13862
14086
14161
14086
14096
14096
14096
10282
9673
9404
9069
9069
9069
9814
9069
9446
9446
9854
9356
9590
9854
9590
9069
9069
9069
9069
9702
9404
9069
9069
9404
9404
9444
9854
9444
9510
9788
10282
10282
10282
10062
9854
10282
10282
10282
9882
10282
9854
10282
10062
9476
9590
9854
9590
9854
9854
10282
9854
10282
10447
10597
10862
10557
10282
10282
10282
10282
10447
10282
10282
10447
10447
10282
9632
9676
9854
10282
10062
9854
10282
10282
10282
10282
10282
10282
10282
10282
9854
9854
9854
10282
10282
9958
9738
9694
9854
9854
9854
9788
9854
10062
9072
9069
9410
9069
9069
9069
9069
9444
9444
9444
9444
9069
9069
9444
9404
9510
9404
9404
9061
9069
9069
9069
9069
9069
9069
8984
9069
9069
9069
9069
9069
9069
8902
9069
9069
9590
9069
8984
9069
9069
9446
9590
9069
9069
9069
9069
9069
9069
9087
9069
8984
9069
9069
9069
8677
9072
9061
9069
9061
8984
9061
8476
8476
9069
9061
8984
8984
8677
8476
8984
8640
8778
8263
8457
8484
8447
8233
8198
8300
8394
8179
8325
8131
8019
7694
7846
8227
8393
8325
8206
8172
8300
8300
8300
8186
8019
8325
8984
7990
8172
8186
8019
8186
7887
7990
10862
10862
10062
10282
10447
10862
10862
10447
9632
9973
10282
10791
10460
10862
10282
9852
9854
9852
10282
10282
10282
10282
9854
10282
10776
10862
10862
10862
10862
10862
10862
10862
10862
10447
10862
10862
10862
10862
10862
10862
10862
10862
10862
10862
10862
10862
10862
10862
10862
10862
10862
10862
10862
10862
11157
12072
12072
11590
11547
10862
10862
11547
11892
11669
11321
11008
11157
11008
10962
11338
11669
10862
11892
10862
11669
11503
11590
10862
11300
10862
11547
10862
11338
11590
11590
10862
10862
10282
10862
10862
11008
10862
10862
10862
10447
10282
10447
10447
10447
9854
10282
10282
10062
10282
10062
10282
9444
10062
10282
10282
10447
10282
9788
9510
10282
10282
10282
10282
9854
9576
9072
9590
10282
10282
10282
10282
10447
10326
9788
9854
9632
10282
10282
9882
9590
10062
9732
10282
10447
10282
9882
9882
9069
9069
9069
9590
9069
9069
9069
9069
9069
9069
9069
9069
9069
9076
8984
9069
9069
9069
9069
9072
9069
8984
9069
9069
9072
8984
9069
8984
8984
8677
8856
8984
8725
8677
8677
8679
8802
8325
8677
9069
8984
8677
9069
8984
8694
8589
8725
8677
8794
9069
7843
8589
8587
8677
8677
8984
8681
14096
11590
10862
10862
10282
10282
10282
10282
10282
10282
10282
10460
11008
10862
10447
10282
10282
10282
10862
10862
11008
10282
10282
10862
11338
10862
12072
11669
11547
11453
11892
11892
11897
10862
10862
10862
11338
11449
10862
11008
11300
10862
11157
11008
11157
10862
10862
10862
11338
10862
11897
11590
12072
12096
12096
12096
11547
12096
11891
11892
11892
12096
12072
12096
12096
11891
11669
10892
11669
11669
11338
11394
12096
12962
12897
12096
12072
11590
12072
12072
11590
11338
11590
11590
12096
12072
11338
11300
11590
11590
11300
11338
11338
11598
11338
10892
10892
10862
10862
10862
10862
10862
10862
10862
10862
10862
10862
10862
10862
10862
10862
10862
10447
10447
10862
10862
10862
10862
10447
9590
9854
10447
10862
10862
10862
10649
10326
10862
10862
10862
10447
9702
10282
10649
10447
10862
10862
10862
10608
10460
10282
10282
9673
9632
9731
10282
10062
9854
9788
10282
10282
10649
10282
10062
10282
9673
9854
10649
10862
10460
10460
10282
10282
10282
9854
9854
10282
10282
9917
10282
9854
9673
9673
9673
9069
9069
9069
8984
9069
9069
9069
9069
9069
9242
9069
9069
9069
9069
9069
9069
9069
9242
9069
9069
9125
10282
9069
9986
10282
21609
20862
19579
19579
18897
19579
19579
18897
18096
18096
18897
18897
19424
19628
18096
18897
18096
18096
17897
19499
19749
19499
18096
18744
18897
19499
19360
19852
19737
19360
19596
19596
18096
19890
19852
19579
18096
18957
19061
19579
19852
19499
19061
19774
20227
20151
19852
20151
20151
20151
19072
20151
20151
20151
20151
20151
20151
20151
20151
19852
18897
19096
20151
19360
19499
19072
19360
19359
19499
18984
19499
19061
20227
20151
19579
19852
20151
19596
19360
20151
19579
19360
19360
21007
20396
20151
20151
19579
20597
20557
20503
20151
19860
20218
19579
19554
19061
20227
19579
18897
19579
18897
18897
18897
18897
18700
18096
19003
18897
20227
20252
19218
18096
18096
20151
20151
19061
18897
18096
18897
17897
18051
18897
18897
19416
19816
18897
19579
19596
19579
19360
18096
18096
18096
18096
18096
18096
18548
18096
18096
17897
18096
16897
16897
17096
17897
17897
16897
16897
17096
17096
18096
17096
16897
17096
17096
16897
17096
17096
18096
17096
17096
17096
16897
16897
16897
15862
16096
16897
16096
16096
16096
16096
16096
15862
15862
15862
15862
15862
15655
16096
16096
15862
15862
16096
16096
16096
15862
15862
15862
15862
16096
15862
15862
15862
15862
15862
14962
15862
10282
9673
9393
9254
9069
9069
8984
8448
8192
8447
8677
9069
9069
9404
9076
9069
8778
9069
9069
9404
9076
8984
8984
9404
10282
10282
10862
10862
10282
10282
10862
11383
10862
9788
8984
9029
10282
10862
10282
9590
9590
10282
10282
10282
10282
10282
9590
9590
9069
9632
9069
9632
9854
10776
10862
10447
10447
10447
10282
9854
10282
10447
10447
10862
10282
9673
9854
10447
10726
11059
10251
9568
9716
9959
10447
10447
10447
10862
10862
10862
10862
10862
10862
10447
10447
10282
10447
9673
9673
9632
9632
9632
9632
9428
9069
9069
9069
9333
9069
9069
9087
8984
9069
9333
9069
9069
9069
9072
9072
9069
9069
9069
8984
8984
9069
9069
9061
8984
8984
8484
8296
8984
9069
8984
9061
8984
9061
9061
9069
9590
9069
9069
9069
9069
9069
9069
9069
9069
9069
9069
8984
8984
8188
8484
8484
8778
8778
8449
8300
8263
8484
8677
8249
8172
8014
8249
8019
8138
8263
8587
8449
8249
8578
8487
8325
8107
8263
8172
8365
8172
8172
7909
7876
8014
8014
7846
7697
7694
7694
7639
8138
8263
8186
8019
8300
8300
8300
8684
9069
8296
8296
8651
7990
8296
8677
8487
8677
8308
7995
