13341
13086
14041
13102
12876
12876
12876
12876
12876
12876
12608
12720
13021
12876
12720
12588
12509
12544
12720
12544
13059
12783
12214
12342
13083
12876
13341
13341
13102
13025
12813
12608
12779
12779
12876
12876
12720
12813
12876
12607
12927
12876
12813
12776
13341
13206
13059
12932
12932
12974
12720
12953
12953
13341
14059
13846
13206
13341
13404
13059
12953
13341
13539
14013
13341
13206
13086
12608
13059
12813
12608
12783
13341
13818
13544
13622
13341
13341
13341
14083
13783
14059
13341
13341
14059
14041
13860
14025
14063
14025
14059
13860
13751
13783
13499
13206
13341
13341
13539
13341
13499
13341
13171
13341
13171
13509
13059
12965
13341
13720
13341
13487
13217
13018
13171
13341
12876
12876
12720
12660
12020
12308
12890
13341
13341
14529
14341
13783
14059
13860
13779
14041
14041
13783
13341
13341
13341
13341
13300
13341
12608
13206
13086
12608
13086
13086
12876
12214
12813
13341
13102
13341
12876
12720
13206
12813
13341
13206
13102
13206
13177
13102
13206
13083
12876
12876
12876
13059
12876
12720
12813
12013
12720
13341
13783
13341
13783
13086
12813
12013
12013
12020
12013
12013
12751
12509
12020
11077
12013
12013
12020
11906
11557
12020
12020
12013
12151
12020
11377
12013
13278
13308
13206
13072
12818
12720
11937
13102
12013
11984
12308
12509
12720
11941
12020
11941
12720
13206
12608
11765
11937
11598
10987
12308
11841
12020
11598
10987
11520
11697
11347
10779
11059
11155
10987
11059
11906
11059
11289
11289
10860
11059
11059
11937
13063
11263
11289
11289
11289
11555
11590
11289
11328
12020
11937
11779
11377
11377
11072
10854
10860
11721
11554
11841
10779
10617
10776
11059
11059
10751
11059
11072
11841
11059
11059
11428
11059
11841
11937
11394
11453
11289
11394
11289
11394
11394
11394
11984
12013
11984
11941
11906
11941
12010
11557
11906
11875
11289
11721
11941
11557
11328
11557
11448
11059
11059
11289
11701
11394
11394
11841
11059
11059
11701
11394
11289
11059
10816
10779
10779
11059
11289
11818
11584
11627
11059
11906
11931
11931
11721
11721
11906
11906
12013
11906
11906
11697
11906
11906
11906
12013
12020
11685
11984
11931
11891
11315
11906
12020
11931
11931
12010
11906
11906
12020
11841
12020
11841
12342
13063
12020
11841
12013
12013
11940
12124
11931
11841
11931
11931
11931
11941
11394
11590
11289
11289
11931
11941
11460
12013
11394
11394
11931
11377
12013
13206
13341
13341
11937
12013
11578
11937
11578
13341
11937
11289
11937
11578
8639
9245
10062
10062
9095
9539
8926
8639
8926
8726
8926
9147
8639
8639
8539
8539
8539
8776
9147
9095
9040
8907
8639
9051
9051
9206
9496
9779
9040
9932
9792
9932
9496
9496
9496
9061
9375
9487
9496
9921
9492
9321
9321
9496
9638
9647
9783
9496
9539
9178
9201
9308
9487
9129
9783
9539
9480
9308
9321
9147
8786
8786
9040
9147
9193
9139
8948
9091
9040
8639
8539
9091
9005
9321
9040
9040
9118
9115
9471
9692
9539
9496
9115
9612
9428
9539
9510
9510
9932
9932
9932
9487
9510
10062
9510
8639
8539
8217
8539
8539
8341
7990
8143
8143
8263
8138
8051
7990
8308
8308
8308
8539
8277
7854
8051
8138
7826
8143
7931
7639
7776
7776
8138
8308
7776
7776
7776
8138
8198
8639
8315
8315
8405
8315
8138
8138
8143
7875
7929
7949
7931
7639
7725
7499
7499
7499
7539
7405
7499
7405
7280
7227
7405
7520
7467
7638
7280
6958
7138
7214
7638
7524
7155
7779
7208
7214
7214
7280
7263
7208
7487
7405
7220
7214
7263
7280
7085
7280
7405
7341
7539
7638
7638
7638
8051
7516
7539
7487
7280
7214
7405
7280
7280
7280
7280
7638
7341
7263
7280
17790
18790
17790
18790
17990
17680
15278
16529
16529
15315
14779
15086
15086
17023
15779
15779
15086
14562
15086
14751
14448
15779
14341
14336
17023
16783
17023
16529
14776
15779
16666
16529
16783
17365
16529
15891
15990
16529
16529
14990
14779
15783
15990
16783
16783
17635
17680
17460
17529
16529
16529
16529
14813
18174
17033
17529
17365
16529
15228
14058
12876
13341
12779
13206
14059
11937
13341
12013
12013
11937
11315
11984
13493
15779
11989
12192
11937
13860
14341
16529
16529
14962
15779
14529
11841
12342
12341
14720
16783
18169
14779
15779
16988
18174
15779
14779
14720
14259
13539
13278
13341
13041
13783
13783
14783
14783
13341
13783
14023
14792
14783
12776
11984
13341
14813
16529
15779
13278
11989
12206
13341
14094
15779
13193
13278
12779
14529
15529
15779
15792
13529
15779
15529
15529
13783
13937
13862
16342
14990
15529
14025
13783
16529
13341
14093
14962
13086
12945
13032
14790
14094
14776
12988
12720
11937
12720
13206
12720
12720
12720
12720
12720
12300
12460
13072
14093
12608
11754
11937
11937
12720
13041
13059
12341
12020
11937
13063
14058
11937
11937
12013
11578
12059
12608
12013
11891
12013
11891
11940
11578
11937
11891
11578
11891
11891
11428
11538
11721
11721
5631
5250
5085
5143
4929
4929
5220
5220
4929
4929
4929
4881
5187
5250
4929
4929
4929
5037
5037
5037
5037
5037
4929
5037
4929
5085
5250
5250
5250
5165
5305
5631
5342
5250
4811
5037
5037
4811
5250
5062
5037
5250
5085
5250
5250
5250
5085
4811
5037
4811
4929
5037
5037
5250
5499
5250
5305
5165
5165
5037
4811
4929
5037
5037
5037
4811
5037
5037
4811
5037
5040
4875
5631
5250
5250
5143
4811
4875
5208
5305
5405
5250
5250
5640
5250
5487
5280
5250
5037
5631
5250
5208
5280
5250
5085
5208
5220
5165
5165
4820
4811
4875
4811
4811
4811
4929
4904
4847
4929
5040
5037
4929
4757
4783
4929
5085
4879
4631
4631
4839
4875
4829
4929
4661
4811
4839
4811
5037
5085
5037
4820
5037
4811
5037
4871
4929
4875
4820
4875
4871
4871
4891
4631
4754
4850
4631
4631
4631
4631
4631
4631
4631
4631
4479
4631
4427
4631
4427
4631
4411
4357
4631
4411
4631
4631
4427
4357
4631
4321
4365
4431
4312
4409
4427
4631
4312
4357
4631
4447
4481
4631
4357
4479
4631
4631
4481
4485
4631
4631
4381
4631
4479
4631
4321
4631
4321
4321
4439
4631
7919
7638
7471
7539
7487
7405
7558
7214
7067
6776
7487
7067
7226
7638
7067
7539
7765
7405
7263
7263
7723
7214
7051
7638
7738
7738
7787
7929
7638
8639
7929
7394
7638
7776
7638
7405
7214
7748
7280
7143
7638
7847
7638
7776
8138
7638
7677
7394
7487
7638
7558
7405
7974
7638
7776
7776
7539
7638
7405
6985
6973
7143
7264
7263
7263
7638
7263
7069
7263
7263
6990
7263
7639
7263
7520
7280
7263
7558
7263
7558
7520
7487
7428
7684
7638
7280
7405
7467
7776
7638
7892
8105
7539
7138
7171
7263
7776
7515
7280
7638
7280
7263
7085
7520
7487
7405
7085
7263
7405
7638
7866
7776
7487
7405
7516
7447
7275
7143
7220
7138
6667
6960
7487
7277
7638
7638
7487
7341
7776
7776
8138
7638
7487
7539
7280
7539
7428
7539
7280
7396
7069
7069
6983
6805
6969
6969
6875
6875
6971
7067
6776
6805
6875
6990
7961
7969
6990
7639
7776
7638
8539
8138
7638
7558
7638
7449
8539
7738
7405
7214
7280
7220
7371
7776
7776
7776
7638
7487
7638
7776
7776
7638
7487
7776
8051
7776
7138
7776
7738
7405
8051
8138
7638
7638
7776
6969
7776
6787
7638
8948
8783
8539
8245
8539
8143
8245
7776
7776
7779
7776
7809
8361
7779
7779
8143
7765
8051
8051
7882
8105
8109
7776
7776
8138
8245
8639
8539
8051
8361
8539
8208
7953
7979
8061
8143
8138
8143
7931
7995
8138
8361
8277
8051
8361
7990
8438
8143
8639
8405
8143
8143
8677
8639
8937
8639
8539
8539
8341
8171
8051
8143
8277
8539
8321
8289
8051
8143
8143
8143
7950
7990
8639
8639
8308
8308
8138
8361
8639
8315
8308
8639
8847
9095
8926
8347
8539
8138
8539
8539
8539
8138
8138
7969
7990
7990
8138
8051
7776
7776
8138
8051
8142
8051
7929
8051
7971
8245
8639
8308
8539
8308
7990
7931
8138
8245
7931
8405
7779
7776
7738
7779
7786
8405
8051
8143
8051
8051
8539
8138
7826
8051
7786
7776
7639
7639
7638
7539
7539
7776
7085
7214
7067
7067
7280
7420
7067
6875
6847
6913
7067
7277
7069
7776
7948
7386
7095
7263
7155
7239
7263
7155
7280
6990
6990
6990
7155
7067
7067
7044
6847
6783
7067
7067
7277
7069
6990
6805
7069
6875
7405
7263
7138
6990
7138
7061
7638
7969
7990
7990
7275
7638
7138
7275
8051
7867
7776
7405
7520
11937
13341
11984
12660
11937
12581
12720
12020
11765
11906
12308
12818
12783
12783
12818
12682
12311
12013
12783
13072
13341
12588
12509
12876
13341
14041
14041
13779
13086
14063
14093
14341
13860
14059
13937
13876
14404
14059
13986
13876
13876
13876
13876
13341
14025
14841
13876
13783
13783
13341
13341
13783
13783
13429
14404
14341
13783
13891
13783
13783
13341
13588
14059
14539
14404
13862
13783
13341
13171
13862
13341
13783
14341
14341
13990
14041
14341
14013
15086
15086
13990
13962
14341
13783
13986
14103
13971
13493
13876
14013
13980
13887
13907
13539
13341
13341
13341
13783
13341
12608
13206
12694
13341
13171
12013
12020
12608
12876
12988
13059
14059
13174
12720
11984
12425
12876
12682
12013
11941
11453
11377
11931
12581
13063
12682
12682
12720
12860
13059
12860
12860
12932
12690
11937
12720
12013
12608
12720
12013
12013
11906
11906
11590
11394
11590
12020
11906
11289
11289
12020
11906
11931
11448
11394
11289
11081
11100
12720
12860
11937
12010
11695
11841
12013
11554
11721
11937
11394
11289
11394
12013
12013
12013
12010
11394
11394
11394
11394
11289
11289
11289
11394
11289
11394
11394
11587
11411
11931
11984
11891
11984
12010
11701
11701
11984
11841
11557
11891
11931
9095
8926
8934
8539
8539
8539
8539
7926
7786
7738
8143
8308
8539
8282
8143
8143
8143
8143
8697
7945
8138
8138
8143
8331
8331
8639
8639
8926
8539
8926
8783
9147
8639
8539
8639
8639
8937
8639
8342
8639
8783
8876
8961
8783
9321
9381
8926
8539
8881
8639
8539
8639
8639
9061
9116
9095
9509
9040
9040
8539
8639
8639
9116
9321
9496
8751
8539
8894
8639
8677
8726
8893
9321
9496
9245
8843
9178
9321
9321
9361
9091
9245
9095
9245
8893
9061
9201
9201
8843
8948
8948
8639
8539
9480
8948
8639
8639
8751
7990
7931
8539
8639
8539
8639
8331
8245
8171
8308
8639
8934
8905
8639
8051
7786
8341
8639
8439
8539
7995
7891
8143
8639
8138
8361
8315
8308
8539
9095
8926
8639
8315
8315
8539
8539
8578
8639
8277
8320
8539
8226
8051
7520
7520
7520
7520
7776
7638
7520
7143
7405
7487
7638
7539
7487
7280
7280
7085
7487
7638
7944
7638
7405
7405
7631
7547
7405
7308
7280
7539
7487
7405
7220
7208
7214
7214
7220
7067
7280
6995
7638
7776
7405
7405
7487
7558
7971
7599
7558
7405
7487
7776
8051
7280
7220
7487
7214
7405
7638
7051
9783
9496
8617
8539
8539
8639
9206
8809
9115
8539
8539
8639
9121
8783
8438
8308
8539
8308
8783
8263
8639
8639
8315
8639
8926
9003
9003
9095
9091
8926
8934
9051
8779
8639
8639
8639
9051
8945
8341
8539
9051
9117
9147
8934
9375
9496
9428
9115
9091
8805
8539
8539
8926
9308
9779
9783
8726
8926
8661
8726
8776
9113
9061
9245
8639
8539
8639
8539
8697
8809
8405
8948
8926
9356
8639
8776
9245
9040
9091
8926
8539
8639
8809
8937
9201
8539
8926
8814
8726
8639
9163
8809
8941
8639
8539
8776
8776
9139
8926
8783
8776
8783
8639
9095
9361
9176
8639
8639
8639
8751
8639
8783
8539
8321
9147
8783
8539
8143
8308
8539
8143
8138
8539
8539
8639
8639
8639
8639
8751
8411
8539
8539
8751
8639
8206
8300
8308
8341
8539
8438
7990
7809
7776
7779
7776
8051
7786
7776
7638
7776
7776
8138
7776
7776
7638
7487
7776
7638
7857
8143
7776
7638
7738
7405
7280
7214
7280
7214
7280
7085
7085
7085
7085
7067
7280
7208
7263
7061
7062
6983
7208
7405
7263
7069
7061
7487
7516
7638
7776
7638
7558
7945
7520
7386
7776
7776
7776
7776
7776
12013
11841
11639
11937
11289
11937
10980
10963
10792
10792
10792
11155
11487
10539
10539
10779
10539
10779
11059
10779
11818
10990
10751
10990
12013
11289
11818
11937
12013
12682
12937
12876
12013
11937
11765
11539
11937
11984
11841
11575
11669
11984
12818
12720
12862
12308
11984
11695
11289
11072
11984
11931
11984
11931
11931
12013
11931
12446
11967
11289
11695
11906
11558
11906
12013
11940
11941
11984
11940
11578
11906
11941
12013
12013
11984
11941
12010
12604
12682
12509
12020
12124
12020
11701
10963
10779
11289
10779
10751
11561
10948
11059
10779
10751
10617
10617
11059
10282
10539
10282
10539
10560
10560
11009
10990
10990
10990
10990
11587
11315
11937
11428
10990
10990
11289
11937
11533
11289
11025
10816
10617
10751
10751
11009
11059
11059
11289
10990
11447
11289
11023
11059
10860
11015
10751
10751
10779
11023
11005
11059
10694
10539
9932
9539
9539
9932
9932
9171
9341
9510
9510
10282
9932
9496
9539
9932
9776
9496
9510
9510
9783
9932
9921
9921
9643
9539
9932
9245
9496
9344
9308
9147
9496
9510
9375
9932
9783
9178
9308
9496
8926
9171
9147
8809
9321
9496
9565
10129
9147
9308
9496
10206
9539
9178
9779
8973
9639
9694
10062
15779
14990
15779
15779
15460
15341
15315
15086
14990
14341
14342
15342
15779
15061
15086
15342
14860
14690
15411
15779
16529
14990
14860
15529
15783
16041
17059
17081
16944
16783
17635
18032
18032
17081
15779
15779
16783
17081
16783
16783
16988
17635
17635
17825
17365
17365
17825
16783
16783
16287
16342
16529
16783
17081
17635
17720
17081
17081
16783
16206
17081
17081
17013
17013
18032
17825
17081
17460
17013
17035
18086
18032
18032
19400
18032
18032
18032
18032
19070
18651
17720
17449
18174
16783
16529
15779
16529
16082
15315
16082
15876
15529
15460
15315
15315
15411
15411
15086
15315
14990
15282
15460
15411
14986
15174
15086
15342
16384
16082
16082
15425
14974
14965
14933
14933
15783
14875
14206
14841
14196
14093
13937
14341
15529
14962
14962
14940
14841
14940
14988
15282
14841
14962
14779
13937
14493
14404
14841
14493
14813
13963
13937
13086
13086
13937
14081
13937
13783
13783
13937
13783
14059
14102
14102
13783
13929
14025
14025
13901
13980
13978
13860
14025
13891
13448
13783
13448
13783
13970
14025
13448
13341
13171
13341
13206
12937
13341
13341
13093
13341
14059
14206
13860
13846
13783
14059
14059
14507
14341
13962
14790
15086
13493
13341
14776
13876
13937
14196
13937
22090
20460
19070
19070
19360
19490
21009
19716
19360
19984
19596
19149
20341
19894
19984
19070
19596
19046
20190
19360
20151
19289
19070
19100
19670
20460
19890
20151
19984
19596
19596
20151
22090
21009
22090
22090
20047
19984
20109
20151
21009
21009
22090
22090
22090
22090
20501
21009
21009
21009
20151
20504
20151
22090
22090
22090
22090
22090
22090
19860
19841
20151
22090
22090
22090
19860
19860
19984
20460
21009
20181
20151
19870
20151
20151
20151
22090
22090
22090
22090
20151
22090
20151
22090
22090
22090
19964
20151
20151
21009
22090
22090
20151
21500
22090
19716
21009
21009
21009
20190
20190
20190
22090
20190
21009
20190
20254
21009
20190
22090
22090
20190
20190
20190
22090
22090
21009
22090
22090
20109
20460
19499
19984
22090
21009
22090
22090
22090
22090
22090
22090
21009
22090
22090
19499
19499
20251
21009
22090
20109
19149
19360
19360
19360
19360
19100
19400
19070
19360
19070
19070
19360
18174
19146
19360
19070
18032
18174
19596
19670
19298
19360
18032
19360
18032
18032
18032
18032
18032
18032
18032
17032
17790
17660
18032
17449
18032
18032
17699
18032
18032
19805
19499
18032
18032
19070
17720
19499
19070
19499
19070
19070
16529
17790
18480
19360
19360
18174
18174
14690
13860
13990
14460
14341
14690
14013
14013
14013
13813
14059
14206
14341
14206
13988
13813
13813
13813
14059
14341
14720
14341
13813
14341
14460
14720
15425
15529
16529
15779
16783
16783
14990
14940
15086
15022
15411
16937
14779
14813
15282
16529
16529
16034
15779
15792
15876
15086
14988
14988
15086
14961
16082
15411
16529
15779
15779
15990
15460
14965
15779
16231
15779
16529
16278
15779
15779
16082
15779
15779
16082
16093
16034
16342
15826
15891
16529
17081
17081
16529
16082
15779
16082
15882
15882
15882
15882
15779
15891
15891
15882
15891
15783
15783
15529
15342
15779
15342
15342
14779
14813
14813
14690
14779
15282
14813
15086
15315
14860
15411
15411
15425
14779
15315
15315
15411
15086
14954
14720
14983
14196
13965
14990
14954
14990
14990
14990
16082
16783
15779
14965
15411
15529
16529
14990
14813
14813
15529
15529
15529
14779
14404
13937
13499
13937
14259
14041
13937
13937
13876
14059
14081
14059
13937
14259
14341
13937
13876
14025
14328
14328
14017
14017
13937
13720
14025
14025
14025
14025
14206
13937
13937
13990
13990
14025
13876
13891
13698
13891
13876
14025
14025
14041
13940
14013
13876
14025
14059
14404
14404
14404
15102
14050
14083
14025
14025
14025
14025
13846
9496
8926
9095
8787
8843
8787
9147
9051
8787
8639
8639
8639
9040
9129
8776
8539
8639
8693
8776
9091
9051
8639
8639
8639
8639
9091
9095
9095
8926
8639
8776
9121
9287
9321
9176
8948
8948
8783
9201
8783
9129
9245
9201
8926
9040
9387
9121
9129
9004
9121
8639
8783
8787
9091
9321
9461
9147
9091
8639
8639
8779
8948
9061
9245
8639
8639
8677
8639
9040
9147
8639
8539
8847
9147
9147
8909
9320
9002
8847
8923
8926
8908
9115
9040
8948
8945
8726
9115
9115
9321
9321
9118
8926
9061
8926
8743
8843
9117
8846
9051
8639
8705
8751
8748
8846
8787
8639
8639
8783
8783
8783
8882
8639
8331
8639
8639
8308
8282
8420
8539
7990
8539
8926
8926
9147
9095
9091
9091
9308
9091
9091
9091
9177
9308
9308
8948
9091
8926
8926
8639
8217
8005
8051
7776
7776
8051
8005
7776
7638
7776
7868
8005
7776
7892
7866
7847
7638
7776
7905
8138
8051
7990
8143
7776
7776
7639
7776
7929
8051
7638
7396
7539
8051
8143
8138
7990
8051
8138
7929
8138
8361
8245
8143
8143
8308
8308
8245
8138
8282
8339
8339
8639
7942
8138
8138
8245
8639
7972
7990
7776
7539
7405
7405
7405
7396
7520
7520
7263
7405
7203
7208
7396
7487
7208
6938
6961
7405
7263
7263
7155
7263
7069
7155
7263
7263
7501
7776
7280
7405
7405
7422
7776
7420
7638
7776
7405
7520
7520
7420
7575
7738
7520
7520
7738
8783
7898
7738
7738
7520
7405
7786
7868
7995
7990
8051
8051
8051
7776
7539
7428
7490
7520
7776
7577
7405
7396
7386
7405
7428
7396
7280
7638
7776
7596
7396
7638
7520
7638
8143
7776
7776
7558
7979
7776
7776
7638
7776
7776
7776
8051
7776
7776
7776
7776
7449
7638
7638
7639
7280
7539
7280
7263
7263
7539
7280
7280
7214
7638
7638
7638
7631
7487
7263
7520
7909
7405
6980
7263
7208
7520
6980
7638
7638
7638
7945
7971
7776
8143
7929
7638
7969
8138
8143
7776
7776
7439
7596
7776
7776
7214
7069
6688
6638
6694
6805
7067
6694
6415
6638
6805
6805
6530
6919
6530
6530
6530
6530
6783
6958
7067
6530
6530
6638
6530
6638
6530
6487
6530
6515
6530
6530
6530
6263
6263
6208
6091
5980
5931
5847
6062
6263
6099
5931
6208
6277
6530
6530
6530
6428
6530
6776
6530
6263
6530
6530
7067
6783
6783
14206
13086
13341
13846
13539
13818
14059
13341
13818
13818
13217
13206
14013
13341
13171
13052
13093
12987
13341
13425
13544
13341
12608
13171
14059
13341
13341
14059
13862
13862
14041
13341
13539
13720
14062
14063
13860
13720
13539
13341
14013
14041
13783
13971
13860
13783
13783
13860
13783
13783
13086
12813
13783
14206
13986
13986
13986
13783
13206
13206
12608
13542
13783
13783
13341
13171
13341
13171
13206
13206
12876
13171
14025
13783
14059
13341
14012
14059
13341
14059
14059
14013
13341
14783
14025
14025
13891
13783
14025
14025
14493
14783
13937
14025
13971
13783
13891
14013
13940
13783
13937
13783
13491
14013
14206
14013
13891
13783
14013
14013
14342
14783
14013
13937
14013
14341
13975
14013
14013
13876
13086
13086
13341
13937
13876
13876
13871
13871
13871
13783
14059
14083
14341
14059
14025
13783
13783
13783
13341
13783
13059
13086
12608
12342
12342
13086
13102
12342
12214
12720
12720
13102
12720
12860
12720
11906
12509
12720
12720
12720
12860
12720
12608
12720
12608
12608
12300
12608
12608
12448
12308
12403
12300
13102
12783
12448
13102
12325
12779
12876
12720
13341
13059
12990
12779
13171
12608
13102
13341
13102
12990
13341
11807
12581
13059
13341
13171
12869
11807
15779
15529
15779
15779
15315
15529
15228
15315
15206
14779
14341
14341
14259
14720
14081
13720
13493
14041
14259
14460
14206
14013
13779
14206
14404
14779
15990
16384
15779
15779
15779
15086
14990
14779
15282
15521
15529
15531
15315
15779
16082
16041
16082
16082
16082
16529
16034
15529
15529
15493
14897
15529
15529
15779
15529
15779
14897
15529
15341
14897
15086
15588
15588
15529
15342
14859
15783
15342
14813
14941
14891
15067
14990
14779
14813
14404
15086
15529
15411
15529
14961
15086
14940
15342
15086
14779
14662
14779
14779
15086
15086
14779
14662
14779
14779
14093
14493
14779
14404
13779
14102
14025
14206
14025
14404
14206
14013
13779
13779
13779
13779
14025
13341
13171
13783
13783
13171
13341
13086
13171
12720
12720
13171
13341
13341
14059
14025
13783
14062
14059
14059
14059
14341
13860
13973
13962
15086
13779
13341
13499
12342
13086
13086
11937
11984
11875
12206
11931
11957
11931
11940
12682
11984
12020
11984
12509
11841
11931
14041
12608
11984
12720
11984
11941
12013
11984
11931
11941
11984
11701
11539
11984
11539
11579
11931
11874
11579
11701
11874
11931
11984
11984
12013
12013
12813
12813
12509
12341
12724
12608
12682
12876
13072
12682
12588
12544
12660
11875
11876
13059
12783
12013
12013
11897
12013
12341
11984
12008
11897
11891
11791
12533
12608
11897
11984
11891
11891
12010
12010
12206
11891
11328
11941
12010
12608
12608
13206
11841
11937
12020
12013
12587
12174
12013
12608
12013
12013
12013
12682
13086
12686
11906
12509
12509
12694
12020
12509
12779
12020
11557
12020
12783
12206
13341
12608
12783
12608
12509
12020
11937
12013
12013
12020
11906
11394
11394
11325
12013
11906
11394
11906
12608
12013
11906
11984
12539
11906
12013
12010
12054
12682
11807
12682
12509
11984
11906
12013
12876
12682
13059
12013
12013
12660
12342
11937
11984
12013
12013
11651
12013
11931
11984
11984
12013
12020
11841
11841
11931
12010
12013
12013
11891
11841
12010
12332
11931
11841
11931
11590
11906
11590
11906
12020
11906
11931
11906
11906
12604
11906
11906
12509
12783
12509
11906
11841
11841
11906
12013
11394
11289
11081
11059
10860
10779
11081
10990
10779
10617
11059
11721
11608
11130
10990
10990
10860
11059
11155
11289
11538
12013
11937
11059
11289
11059
11059
11059
11841
11289
10990
11289
11289
11025
11289
11059
11289
11289
11937
10990
11059
11059
11289
11289
10779
11059
10990
11059
11232
11394
11538
11394
11937
10816
10816
11289
11289
11554
11149
10816
18032
16529
16529
15779
15779
15779
15779
15779
15783
15783
15783
15531
16082
15783
15278
14879
15529
15529
15783
15783
15783
15529
14779
15282
15507
15783
16082
16944
16529
16529
16783
16529
15779
15525
15891
15779
15529
16287
15707
15826
15876
16342
15779
15779
15779
17081
16082
15779
16082
15529
15342
15779
15779
16529
16529
16529
15841
15891
15779
15341
15342
15411
15779
16093
15779
15315
15278
15487
15342
15779
15228
15529
15779
16041
15876
15529
16041
16082
16093
16041
15891
15779
15779
16529
16342
15891
15891
15891
15779
16529
16342
15891
14779
15779
15891
15342
15460
15776
15776
15086
15411
15282
15341
15282
15529
14957
14879
15086
15341
15779
15779
16082
15783
15779
15282
15529
14813
14813
14779
14779
15086
14196
14813
15282
15147
15783
15779
15529
15783
15282
14882
15783
15779
15779
14988
14753
14983
14943
15460
14988
14493
13937
13937
13341
13539
14023
14013
13622
13341
13032
13499
13783
13341
13529
13032
14041
13341
13539
14059
14041
14059
13990
13720
13990
13086
13086
13171
13341
13341
12720
12720
12720
13032
12608
12342
12608
12509
13341
12206
12341
12779
13341
12779
12341
12608
12608
12608
13597
12608
12341
13041
13341
12586
12809
12783
12783
12876
12177
11926
17635
16082
16384
16529
15779
16082
17059
16783
16082
15779
15779
15529
16529
16278
15779
15529
15779
15779
16342
16082
16783
15779
14952
15783
15411
15783
16082
16529
15783
15783
15383
14986
15783
16082
17081
16529
16082
16093
16783
16082
17081
16783
16529
16783
15846
15846
16082
15876
16093
15779
15460
15779
15779
16093
16529
16937
16529
16093
15779
15529
15086
16529
16783
16529
15779
15779
16082
16082
16529
16783
16342
16342
17081
17081
17081
17365
18032
17342
17325
17081
17449
17440
17411
18032
18032
17331
17013
17776
18591
18032
18032
18032
17013
17013
18032
15779
15779
16529
16937
18032
17849
16783
16529
16384
17081
17081
16529
16096
16529
16783
16783
16783
16529
15529
16094
16783
14897
15779
15341
15779
15779
15447
16783
16783
15779
16384
17635
17081
16783
16783
16082
16278
17034
18032
16783
15891
16082
15980
16361
15891
14813
15086
14813
14779
15086
15086
15086
15086
14779
14779
15206
14779
15086
14813
15086
14779
14779
14809
14994
15315
15086
15086
14826
14751
14841
14994
15342
14813
14813
14813
14779
14813
14751
14813
14986
15086
14940
15315
15779
16082
16082
16082
15779
15779
15779
15779
15529
15779
16082
15783
15779
15779
15779
15779
15779
15779
15783
16529
15779
21009
18460
18032
17990
19360
19716
20460
19400
18460
19360
19100
20460
19360
20460
19360
17490
19149
19360
19360
19360
19400
19360
18174
19360
18032
18035
19070
19596
19070
19070
19070
19070
19670
19716
22090
21081
19360
19360
21009
20151
22090
22090
22090
19716
19360
19400
19360
21009
22090
18480
18086
18790
19860
22090
22082
24600
22980
21082
21009
20460
21009
18790
20400
20600
19596
20151
19360
19360
19360
19360
19360
19360
21009
19400
19360
19360
21082
19490
18790
18790
22090
20151
19360
22081
23082
22090
22090
22090
22090
22090
22222
22792
22090
22090
22090
19716
22090
22090
22090
22090
22090
20109
20109
21009
22090
22090
19070
19499
20151
20151
22090
22090
20190
19499
20109
20151
19214
19716
20190
19716
19596
19360
19499
19716
19596
20190
21081
21082
22090
22090
22090
22090
22090
22090
22090
19596
19716
19716
19860
20460
19360
20460
17460
17460
20400
19860
18170
17490
17174
18174
19070
18174
17460
17720
18032
17460
17081
17365
18032
18032
18032
18032
17635
18032
18174
18032
18032
17023
17529
17072
17081
16783
16529
17059
17059
17081
16529
17081
16529
16783
17342
17081
17059
16783
17034
16783
17059
16783
16783
16783
17034
17533
15779
16783
16783
16783
16783
16529
16529
17460
15779
15779
16529
16783
16034
16783
16034
16094
15529
15779
16206
16361
16384
15783
15525
16529
16082
15206
16361
16342
16529
15779
15990
15779
15779
16529
17081
16529
17081
16529
16529
17013
16783
16783
16944
16783
16529
17081
16783
17081
16783
16783
17059
17013
17059
16790
17081
17081
16082
15779
16529
15779
17081
17635
16783
16783
16529
15879
15342
16287
16034
17081
17081
16529
15779
16529
15460
17081
16287
15779
15779
17081
16783
16783
15779
17081
16783
16278
16231
16783
16278
16783
18032
17081
17081
17081
17081
17081
17034
17460
17081
16783
16783
17059
17059
16783
16783
16783
16529
16082
16013
15825
16082
16783
16783
16082
16082
16783
16361
16361
17081
16342
16034
16783
17081
16034
16096
16096
16278
15529
17034
16278
16937
17635
16783
16529
16278
16529
16082
15876
16434
16529
16783
16342
16342
15315
16342
15779
16342
15779
15460
14860
14342
15783
15779
15779
14860
14860
15783
16041
16082
15990
14860
15315
14860
15493
15490
15341
14990
15411
14990
14779
14779
14779
14779
15086
14341
14783
14783
15086
14751
13876
14259
14841
14783
14529
14010
14783
14783
15050
15086
14860
14010
15040
14025
13588
14025
13499
13499
13499
14404
13499
13937
13937
13499
13937
13783
13086
5990
5990
5990
5990
5990
6062
6062
5987
5980
6278
5987
5974
5990
6085
6062
5990
5990
5990
5980
6155
6208
6085
5990
5974
5987
6099
6099
6099
5987
6308
6277
6208
6208
6208
6515
6530
6530
6530
6263
6530
6530
6530
6530
6530
6530
6530
6530
6515
6487
6530
6530
6530
6530
6530
6530
6875
6530
6530
6530
6530
6530
6505
6530
6515
6530
6530
6530
6530
6530
6263
6263
6530
6530
6530
6530
6530
6530
6530
6530
6530
6263
6308
6208
6530
6530
6530
6487
6415
6530
6530
6530
6530
6502
6530
6428
6277
6263
6263
6208
6085
6208
6263
6208
6415
6263
6099
5987
6099
6208
6208
6263
6208
5987
6099
6676
6277
6168
5990
5987
6208
5990
5990
6263
6168
6415
6694
6530
6530
6530
6530
6415
6308
6530
6530
6530
6530
6208
6530
6530
6530
5925
5847
5847
5640
5847
5990
5847
5640
5605
5847
5847
5847
5847
5776
5631
5639
5639
5847
5847
5847
5847
5990
5847
5786
5631
5640
5640
5640
5847
5631
5847
5776
5847
5783
5847
5847
5847
5783
5783
5783
5847
6085
5783
5783
5847
5847
5783
5847
5875
5776
5875
5846
5754
5776
5776
5875
5776
5776
5776
14783
14779
14341
13962
13897
14529
14404
13937
13694
13897
13839
14013
14206
13876
13971
13783
13986
13839
14206
14013
14013
14013
13891
13990
13891
13988
14404
14025
13779
14025
14017
14025
14025
14341
14404
14025
14025
13937
14025
14059
14404
14779
14779
14404
14404
14779
14404
14718
14708
14557
13935
14779
15529
15086
15086
15086
15086
14905
14841
14174
14720
14206
14206
14720
14404
14341
14013
14259
14341
14013
13990
14013
15025
15086
14940
14341
14779
14779
15025
15086
15086
15086
15086
15529
15529
14990
14961
15783
15707
15411
14990
14990
14990
15282
14962
14404
14341
14779
14841
13720
14341
14404
14013
14779
14631
13965
14083
14030
14025
14404
14539
14783
13986
14025
14539
15022
14025
14025
13813
13783
13783
13779
14783
14783
15086
14790
15022
14962
15022
14779
13990
14779
14813
14448
13937
14631
14539
14745
14483
14341
13694
13694
13086
13086
13093
13779
13341
12876
12986
12986
13206
14083
13206
12986
13171
13147
13341
13783
13499
13288
13783
13341
13171
13086
13086
12813
12813
12813
13102
12813
12813
12509
12783
12783
12411
12411
12544
12342
12381
12783
12876
13102
12876
12876
13102
13102
12720
13148
13341
12876
13206
13341
12608
12876
12876
13059
13499
13341
12876
14058
13341
12860
12779
12813
14058
13341
13086
13086
12720
13086
14063
13086
12660
12660
12860
12720
12813
13059
13341
12869
13206
12860
12860
13341
14341
14341
13341
13341
13779
13341
14059
13341
13341
13509
13507
14059
13341
13206
13206
13341
13509
13341
13341
13751
13499
13783
13588
14841
13937
13032
14059
15086
14404
14962
15315
13937
14341
13986
13783
13341
13783
13499
13539
13341
13341
13341
13082
13341
13228
13086
13341
13341
14041
14059
13341
13341
13206
13341
13539
13341
13341
13341
14062
14404
13937
13341
13341
13341
13539
13341
13509
13341
13206
13206
13086
13059
12876
12876
12876
12876
12876
12876
12876
12880
12700
12813
12876
12813
13059
12876
13059
12813
12813
13059
13059
12813
12608
12341
12013
12020
12020
13341
12988
13013
12988
13206
13206
13206
12860
12862
12776
12720
12813
12509
12876
12813
12720
12813
12876
12509
12762
11937
11578
11590
11906
11984
11428
11931
11931
11984
12509
11931
11906
11984
11931
11557
11931
11906
11931
11984
12013
12013
12013
11931
11841
11906
11931
11906
11394
11394
11394
11394
11394
11394
11394
11289
11328
11103
11394
11394
11906
11394
11561
11906
11394
11394
11394
12020
11931
11394
12013
11289
11448
11841
11841
11841
13059
11984
9962
9776
9095
8926
9051
8779
9147
8945
8779
9147
8779
8926
9174
9206
9129
8751
8783
8926
9193
9091
9308
8779
8639
8843
9129
9447
9154
9308
9040
8783
8783
8779
9091
9095
9095
8787
8639
9091
8751
9040
9040
9095
9051
8783
9321
9604
9321
9578
10129
9776
9776
10129
9932
10129
10282
10617
10282
9539
9921
9539
9147
9539
9578
9779
9487
9091
9321
9321
9539
9147
9178
9308
9632
9776
9510
9147
9496
9776
9321
9338
9496
9278
9308
9921
9932
9510
9245
9308
9287
9428
9496
9479
9245
9245
9277
9040
9147
9147
9040
8639
8515
8539
8776
9040
8842
9061
8639
8539
8539
9051
8990
8948
8639
8639
9245
9095
8779
8726
8499
8539
8539
8539
8876
9245
9091
9091
9496
9496
9684
9487
9091
9091
9496
9321
8926
8926
9040
9091
8926
9121
8639
8539
8051
7786
8171
8315
7990
7868
7779
7931
8143
8439
7776
7929
7875
7776
7776
8143
8051
8143
8143
7776
7915
7917
7490
7539
7405
7547
7776
7776
7520
7280
7487
7373
7487
7405
7280
7220
7143
7467
7405
7638
7638
7280
7280
7558
7539
7405
7776
7921
7487
7887
7487
7405
7638
7776
7776
7776
7280
10062
9539
9496
8783
8726
9147
8726
8228
8143
8926
8138
8235
8639
8639
8341
8383
8639
8438
8980
8776
9091
8539
8539
9091
9095
9796
8776
9095
9095
9471
9095
9091
8948
8779
8948
8779
9051
9003
8779
8934
8809
9061
8843
8915
9091
9040
8779
8948
8948
8759
8539
8726
8783
8948
9249
8948
8948
8926
8783
8539
8539
8639
8783
9118
8783
8783
8539
8639
9113
9115
8639
8945
9095
8945
9118
8783
9113
9040
9051
9040
9116
9040
8908
9040
8945
8751
8698
8639
8539
9154
8725
8639
8639
8661
8639
8539
8539
8539
8539
8308
8308
8539
8396
8308
8539
8697
8308
7990
8396
8539
8308
8639
7990
8138
8539
8539
8138
7961
7786
7786
7779
7786
8138
8245
8539
8639
8361
8539
8639
8439
8277
8308
8308
8263
7990
8143
8143
8245
8208
8245
7779
7779
7638
7405
7779
7779
7779
7638
7405
7547
7776
7954
7776
7539
7539
7558
7638
7539
7638
7776
7776
8332
7776
7547
7905
7776
7372
7639
7776
7639
7776
7405
7539
7487
6955
6955
7487
7155
6990
6969
7069
7341
7520
7558
7638
7515
6990
6965
7176
6931
7263
7539
6638
6638
7069
7264
7405
7069
3490
10779
10816
11931
11289
11289
11289
10860
10940
11289
11289
11155
11289
11328
11394
11059
11394
11394
11289
11341
11289
11263
11289
11059
11149
11341
11394
12020
11289
10986
11506
11428
11394
11555
11555
11555
11543
11448
11555
11555
11289
11428
11394
11428
11394
11555
12682
11608
11394
11984
11618
11533
11618
11984
11984
11984
11984
11941
11608
11608
11289
11315
11941
11578
11931
11578
11554
11578
11557
11578
11520
11394
11394
12721
12779
12779
11937
11394
11394
11937
11394
11394
11931
11394
12013
11906
11906
11906
11897
11891
11906
11906
11841
11059
11394
11394
11394
11394
11906
11394
11377
10494
10539
10539
10779
11059
10282
11289
10751
10539
10751
10617
10411
9932
10282
10463
10617
10282
9932
10062
10062
9932
9932
10206
10282
10341
10447
10308
9921
10447
11289
10447
10282
9921
10282
10282
10282
10282
10282
10341
10608
9932
9932
9932
9776
9932
9932
9932
9496
9612
9932
9932
9932
9932
9487
9439
9510
9496
9932
9932
9932
9932
9932
9932
9783
9539
9496
9539
9321
9510
9341
9321
9116
9115
9375
9147
8926
9115
9121
9201
9201
9091
9308
9201
9201
9538
9321
9308
9321
9321
9147
9321
9578
9308
9091
9263
9147
9245
9147
9091
7776
7639
7638
7069
6405
6638
6805
5944
6105
6428
6155
6428
6428
6062
5925
6415
5990
6168
6530
6530
6776
6530
6091
6530
7067
7428
7405
7558
7171
7051
7405
7067
7067
6638
7155
6530
6961
6875
6530
6530
6805
7061
7067
7061
7069
7639
6805
7067
6857
6971
6418
7469
6971
7061
7069
7639
7069
6990
7263
6847
6638
6857
6971
6990
7280
6805
6875
6875
6875
6875
6805
6783
6990
7364
6990
7067
7263
7069
7208
7208
6805
7061
6990
7155
7069
7067
7067
7067
7051
7428
7263
7067
7069
7067
6971
6638
6638
7067
6847
6639
6487
6638
7069
6776
6428
6638
6638
6428
6694
6776
7069
6638
6168
6168
6530
6776
6263
6428
6099
6062
6208
5995
6428
6622
6530
7005
6638
6783
7067
6727
6638
6971
6638
6428
6428
6143
6263
6263
6263
6638
6091
6084
5846
6091
5846
5990
5847
5847
5847
5990
5847
5980
5847
5847
5776
5776
5640
5631
5776
5776
5776
5786
5776
5640
5631
5640
5640
5776
5776
5631
5631
5631
5640
5776
5631
5531
5631
5487
5631
5631
5776
5980
5776
5776
5980
5980
5847
5847
5974
5980
5931
5911
5960
5990
5847
5847
5974
5875
4321
9932
9932
9932
9932
9932
9932
10062
9932
9932
9932
9932
9932
10062
9921
9921
10062
9921
9921
9917
10062
10062
10062
9638
10062
9921
9921
9842
10062
9921
9921
9932
9921
9932
10062
10282
10062
9921
9932
9921
9921
10388
10341
9921
9921
10214
10282
10214
10214
10617
10509
10282
10282
10617
11009
11009
11081
10751
10282
10411
10282
9932
10411
10282
9932
10341
9932
9932
10051
10282
9918
10062
10062
10308
10308
10509
10282
10062
10617
9921
10282
10411
10282
10282
10948
10533
10282
10617
10509
10543
11009
11009
10692
10617
10411
10539
10282
10282
10282
10282
9779
9932
9932
9932
9932
9921
10062
9932
9492
9866
10129
10129
10062
9962
9879
9921
9921
9921
9776
9866
9692
9496
9921
10561
10604
10282
9921
10282
10539
10539
9776
9921
9776
9776
10129
9779
10282
9921
9917
10062
9921
9539
9921
9480
8779
9206
9321
9095
8677
8926
9121
9129
9454
8639
9002
9051
8783
8783
9129
9051
8898
9805
8908
8945
9061
8600
8171
8539
8726
9321
8783
8726
8171
8539
7990
8539
8171
8138
7990
7776
7969
8168
8439
8051
8245
8639
8539
8341
8539
8639
8539
8138
8639
8539
8490
8572
8639
8639
8143
7945
13341
13783
13341
12013
12013
12013
12013
11937
11453
11453
11931
11984
12206
11557
11841
11931
11891
11984
12013
12509
11984
11941
11891
11891
12539
12779
13206
12860
12013
12608
13063
12860
12779
12779
12013
12013
13102
12608
12311
12013
12608
12608
12608
12608
13083
13206
12751
12813
12660
12214
12214
12608
12509
12608
12779
12779
12544
13102
12608
12214
12020
12779
12332
12533
12682
11875
11841
12124
13086
12013
11984
12720
12720
12818
12876
12720
12720
12312
12720
13341
12813
12013
12539
12876
12632
12608
12544
11906
13102
13059
12876
12608
12876
12876
12876
12013
12876
12308
12214
11617
12779
12010
12411
12013
12020
11931
12013
11931
12012
12682
13341
11937
11578
11554
12608
12682
11937
12214
11941
11289
11578
11578
11448
11931
12682
11931
11984
12509
12779
11931
12214
12720
11906
11937
12300
13063
11984
12308
12720
12720
11984
12509
11941
11289
11579
12206
11818
11328
11377
11428
11377
11590
11394
11428
11289
11394
11394
12013
12013
12013
12682
11428
12013
12682
12013
12509
13102
11669
11394
11289
11394
11394
11341
11394
12581
10816
11289
11081
11149
11394
11906
10816
11289
11394
11906
11906
11428
11906
11539
11059
11394
11906
11315
11315
11639
11289
11554
11841
11875
15529
14990
14841
14690
15529
14936
14860
14860
13901
14460
14860
14539
15025
14876
14448
13809
13988
14206
14438
14783
14529
13809
13988
13988
14529
14783
14962
14841
13986
14529
14529
14529
14529
14529
14529
14529
14404
14404
14341
14341
14783
14990
14783
14783
14783
14990
14779
14813
14813
14813
14025
14813
14783
15086
15529
14813
14961
15025
15086
14496
14779
14961
14776
15086
14720
14448
14438
14678
14342
14063
14196
14776
15315
14940
14860
14809
15086
14860
14776
15022
15040
14813
14980
15783
15531
14980
14954
15342
14980
15539
15425
15342
14980
14954
15341
14779
14783
14961
15086
14779
14783
14779
14783
14783
15086
14783
14539
14519
14779
15783
14988
14783
14341
14682
15278
15529
14779
14341
14013
13937
13990
14404
14860
15282
15529
15411
15529
15050
15411
15411
14342
15511
15411
15783
15567
15783
14452
14809
14776
15783
14259
14259
13278
13086
13499
14259
14013
13341
13341
12954
13499
13499
13571
13341
13171
13086
12813
13171
12813
13341
13341
12813
13171
12608
12720
12783
12783
12720
13341
12776
12813
12720
12720
12608
12509
12013
12509
12214
12214
11906
12509
12608
12509
11906
12509
12341
12217
12342
12448
12682
12342
12682
11179
12342
12342
12509
12509
11984
11841
9932
9510
10062
10282
9932
9931
9932
9496
9468
9176
9539
9496
9932
9492
9510
9783
9932
9932
10129
9921
9921
9510
9692
9496
9921
9921
9921
9918
9932
9921
9921
10494
9921
9921
9921
9921
9921
10282
9921
9921
10282
10326
10926
10468
10533
9921
10326
10282
10557
9921
10062
9932
10282
10539
10803
10282
9918
9918
10062
10062
9932
10539
9918
9918
10341
9932
9287
9539
9932
9510
9147
9147
9932
10062
9492
9496
9783
9496
9932
9741
10129
9932
10617
10206
9932
9932
10282
10282
10282
10617
10751
9921
9932
10282
10282
9932
9776
9509
9776
9932
9921
9510
9932
9496
9932
9783
9932
9496
9932
9480
9918
10062
9932
9496
9510
9783
9496
9271
9147
9168
9375
9280
9321
9539
9480
9918
9921
9539
9932
9539
10116
9697
10129
9932
9321
9428
9496
9480
9496
9932
8926
9147
8926
8926
9147
8926
9321
8786
9179
9321
9121
9129
9321
9308
8990
8697
9147
8948
8945
9539
9040
9091
8908
9129
9129
8779
8804
9040
8783
9002
8783
8639
8639
9111
9091
8726
8881
9061
8726
9111
9040
9095
8881
8776
8776
8783
8539
8882
8948
8539
8783
8969
7949
8147
9061
8948
9095
8639
9040
8926
8539
8539
8639
8697
8539
8539
8539
8438
8308
8438
8539
8639
8779
8438
8439
8438
8439
8639
9091
9095
8934
8639
8776
9114
9091
9129
9639
9468
9638
10062
10062
9095
9095
9129
8934
9129
9539
9147
9129
9539
9776
9743
8926
9748
9496
9496
8937
9114
9245
8926
9051
9245
9479
9496
9496
8948
9321
9178
9479
9498
9457
9053
9323
9019
9019
9019
8937
9457
9051
8926
9040
9480
9496
9249
9178
9539
9565
9932
9321
9308
9245
9321
9539
9129
9147
9496
9040
9040
9201
9321
8787
8779
8639
8779
8639
9040
8639
8639
8339
8308
8308
8138
8308
7990
8698
8639
8776
8639
9091
8926
8639
8639
8539
8694
9091
8639
7972
8143
8143
8051
7776
8143
8601
8639
8639
8487
8539
8539
8308
8277
8438
8539
8539
7979
7945
8308
8308
8308
8383
7809
8051
8051
7809
7776
8051
7995
7786
7539
7776
8005
8138
7776
7776
7776
7638
7638
7776
7776
7575
7506
7929
7776
7776
7558
7638
7772
7638
7776
7638
7638
7638
7280
7280
7280
7386
7280
7214
7428
7776
8051
8639
8639
8361
8438
8308
8138
8438
8539
8383
8341
8315
7868
8138
8383
8308
8245
8138
8277
18174
16783
15779
15779
15779
15779
14779
14779
14341
14496
14779
14341
15086
15086
14349
14196
14059
14341
14962
14988
14962
15017
14341
14779
15086
15342
16529
16937
16783
16529
17790
16988
15529
14779
14990
14341
14962
16384
15779
15531
16783
18174
17680
16529
18174
16529
16529
15779
15779
15779
15228
15278
15779
15779
15783
16529
16096
15779
14529
14341
14720
16783
16783
16783
15779
14779
14961
14961
14961
15779
15460
14783
14961
16783
15779
16082
16783
17081
17635
16783
15086
14779
14988
15529
14813
14935
15529
14980
14986
16082
17081
15779
14720
14962
14720
14196
14720
14196
14529
13779
13493
13779
14013
14013
14041
13876
13876
13783
13876
14059
14196
14059
13783
13093
13783
13937
13341
13341
13404
13341
13086
13086
13499
13779
13779
14341
14174
13779
14341
14206
13990
14341
15086
14341
13341
13783
13779
13539
13341
13539
13086
12813
13086
13341
14059
14025
12813
13341
14062
13102
14206
13086
13086
14059
15104
13499
13720
14341
13932
13102
13206
14059
13341
12959
13937
13086
13086
14041
13499
13341
13341
13783
13962
14259
14341
15086
14404
14096
14783
13860
14411
13779
14783
14411
13860
13720
13876
14783
15053
14860
14341
15102
13876
13937
15103
14918
13341
14841
13779
12013
12013
12020
12509
12682
13083
12682
12509
12308
12332
12682
12751
12682
12509
11906
11906
12214
11841
12509
12779
12779
12509
12010
12509
12020
12608
13341
13846
13783
13341
14059
13860
13341
13086
12779
12813
12813
13783
13783
14206
13871
14341
14341
13783
14025
13783
14196
13783
13206
12919
13228
13710
14041
14059
14341
13860
12988
14025
13499
13086
13032
12971
12876
13341
13499
13588
13341
13341
13509
13341
13588
14059
14059
14341
14025
13539
13571
13809
13783
14041
13783
13072
13032
13032
12983
12983
12776
12813
12813
12813
12983
12776
12783
12509
12341
11875
11875
11875
12783
11875
11875
11875
11554
11906
12013
11906
11875
11875
11875
12010
12010
12010
11701
11557
11984
12010
12010
12010
12010
12013
11937
11578
11984
11984
12010
12010
12010
12010
11984
11984
11931
11984
12010
11984
11445
11652
11652
11554
11554
11931
11554
10816
10617
11059
10990
11059
10779
10751
11622
11059
11289
11428
11059
10990
10990
10990
11289
11394
11937
11394
11931
11931
11289
11289
11059
11289
11931
11539
11394
11394
11289
11906
11937
11906
11554
11289
11289
11941
12020
12013
12013
12013
11937
12013
11931
12342
12682
13341
13206
12783
13206
13086
12588
13072
13341
12783
12448
13341
13341
13206
11984
12013
11825
11289
11984
12124
11841
11578
11102
11289
11059
11289
12020
11721
11059
11059
11289
11139
11289
11862
11721
11059
11289
11059
11931
12013
13341
11841
11701
11587
11608
11394
11394
11941
11984
11931
12013
12013
11931
12013
13083
12818
12013
12608
12720
12013
12010
12876
12013
11931
12020
11931
12860
13206
13102
12876
11937
11937
11931
11931
12493
12581
12581
11931
11941
11698
11289
11931
11937
11554
11701
11686
11931
11931
11897
12010
11825
11931
11841
11931
11971
11906
11931
11906
11906
11906
11906
11931
11931
12020
11906
11289
11906
10816
11075
11149
11554
11289
11059
11059
11059
10751
11059
11289
11059
10751
10282
10751
10751
11289
10990
10751
10282
10539
10860
10174
10860
11009
10751
10282
10282
11059
11059
11289
11428
10948
10617
11059
10751
10751
11289
11289
11289
10779
11130
10751
10539
10779
10779
10282
9932
9510
9530
10282
10282
10617
9932
9510
9962
9921
9932
10062
10062
9921
9624
9776
9921
9921
10282
10282
9962
9921
9776
9428
9510
9921
10282
9918
9510
9496
9539
9321
9932
10062
9932
9610
9321
9321
9496
9921
10129
9783
9510
9783
9539
9932
9932
9921
9921
9647
9932
9113
9776
9921
9921
10062
9932
10062
12010
11289
11289
11649
11984
11931
11428
11289
11025
11059
11289
11139
11428
11289
11059
11023
11059
11059
11059
11289
11701
11544
11155
11289
11289
11394
11394
11906
11906
11906
12013
12013
11906
11394
11394
11428
11428
12013
11906
12020
11906
12682
12682
12341
12020
12013
12460
12660
12608
11833
11833
12539
12720
12860
13059
12860
12608
12460
12608
12010
12206
12013
11833
12013
12617
12779
12008
12013
12013
12214
12010
12008
12010
12608
12013
12214
12509
12341
12341
12682
12509
12312
12509
12460
11984
11931
11876
11869
11869
11869
11984
11876
11876
11557
11554
11289
11554
11453
11289
11289
10779
11059
10779
10779
11023
11130
10813
10751
11023
11036
11059
11072
11023
10751
10751
11015
10779
10751
10751
10282
10062
10282
11009
10860
10976
11448
10860
10779
11059
10860
10617
11059
10860
11059
10751
11013
10751
10751
10751
10751
10282
9932
9932
9932
9932
10062
10174
9932
9510
9776
9932
10062
9932
9776
9932
9428
9647
9932
10062
10062
10062
10062
9921
9921
9921
9496
9530
9932
9932
9510
9783
9638
9638
10948
11984
11701
11558
11428
11576
11289
11578
12581
11937
11555
11394
11394
11341
11984
12381
11394
11394
11906
11394
11841
11394
12581
11906
11394
12010
15779
14529
14940
14841
14860
14341
14282
15315
13986
14196
13937
13937
14206
14282
14779
13341
13783
14063
15086
14278
15022
13337
13776
13986
13776
14876
15045
16278
16082
14962
15206
15278
14779
13937
13990
14783
14535
15751
14779
13901
15779
16783
17635
15529
14692
14779
15779
14962
14981
14990
13937
14720
14779
15460
16783
15529
14988
14529
13818
13818
14094
14404
14882
14411
14341
14404
13876
13876
13818
13818
13980
13818
14419
13971
13720
13990
15206
16783
15779
15779
14093
14404
14779
15460
14990
14720
14929
14720
14990
14967
14967
14720
14404
14804
14776
14404
14487
14448
14962
14783
14013
13913
13980
13988
14341
15086
14341
13876
14059
14720
15779
15086
15086
14341
14779
15086
15086
14259
15086
14783
14411
14783
15086
15342
14813
15086
14779
14779
14779
14174
13937
14404
14341
14776
13971
13986
13937
13986
14206
13809
13876
13493
13206
13086
13783
13783
13783
13783
13102
13341
13491
13341
13300
13341
13783
13102
13499
13783
13341
13783
14041
14206
13206
13539
13040
13341
13341
13214
13783
13206
12965
12965
13588
13214
13783
13341
13846
13206
13206
12876
13341
14059
13846
13341
14013
13341
13341
14529
13891
14860
13341
13499
13539
13341
14529
13341
14013
13086
13937
6783
5847
6428
6275
5990
6105
5990
5847
5847
5905
5847
5776
5990
5776
5914
5847
5847
5847
5945
5980
5847
5847
5640
5776
5974
5974
6383
6428
6638
6539
7067
7069
6428
6428
6487
5990
5990
6783
6099
6099
6783
7558
6847
6990
6969
6638
6847
6638
6428
6085
6288
6085
6208
6428
7069
6530
6530
6983
6091
6105
6105
6155
6428
6239
6635
6155
5987
6263
6263
6091
6105
6099
6638
6428
6099
6091
6969
6969
6428
7085
6530
6105
6155
6776
6694
6530
6099
6099
6530
6776
6530
6099
6263
5990
5990
5847
6105
5983
5847
5990
5847
5990
5875
5875
5776
5847
5875
5930
5847
5875
5990
5847
5847
5875
5875
5891
5631
5673
5631
5425
5487
5305
5443
5847
5974
5990
5847
5847
6099
5990
5990
5990
5990
5990
5990
5847
5974
5917
5974
5738
5631
5847
5776
5631
5776
5875
5905
5631
5847
5905
5847
6428
5905
5990
5847
5875
5875
5776
5631
5776
5631
5499
5487
5250
5250
5250
5305
5280
5250
5250
4912
5250
5085
5990
6666
5990
5990
5847
5990
5847
5250
5250
5250
5640
5631
5487
5776
5846
5847
5394
5990
5640
5105
5125
5776
5990
5250
5631
5084
8776
8539
8308
7638
7499
7396
7638
7487
7405
7263
7085
7280
7638
7776
7280
7067
7067
7139
7405
7639
7487
7405
7067
7405
7638
7776
8245
8539
7990
7990
7990
8138
7776
7776
7776
7776
7638
7638
7638
7638
8051
8051
8051
7990
8697
8639
8138
7868
7843
7776
7638
7638
7776
8315
8539
8051
7990
7776
7638
7139
7373
7638
7776
7990
7776
7776
7776
7428
7776
7776
7239
7280
7487
7776
7776
7638
7990
7638
7776
7776
7776
7487
7776
8051
7776
7638
7738
7776
7776
8143
7990
7776
7639
7487
7520
7638
7428
7558
7487
7386
7280
7214
7208
7208
7208
7208
7067
6530
7214
7263
7533
7487
6983
7067
7067
7263
7067
7067
7067
6783
6638
6805
6971
7155
7069
7405
7263
7263
7263
7263
7263
7638
7776
7558
7405
7139
7263
7085
7085
7263
7067
7067
7067
6638
6684
7067
6776
6530
6428
6589
6638
6530
6638
6631
6530
6530
6530
6530
6805
7067
7067
7067
6525
6530
6530
6208
6530
6530
6418
6530
6208
7005
6530
7676
7069
7067
7428
7638
6638
7405
7638
8138
8105
7085
7449
6996
7069
7269
7783
7783
7263
7386
7069
6208
7447
7447
7776
7208
7069
13341
11937
11765
12020
11377
12124
13059
11289
12020
10816
11289
10779
11506
11289
11394
10617
10617
11059
11289
11289
11328
10816
10816
11059
11289
11506
11937
11937
11263
12010
12010
11579
11561
11169
12010
11561
11102
11941
11289
11931
11941
12010
11931
11931
12682
12308
11931
12020
13063
11608
11289
11578
11931
12020
12124
12332
11701
11984
11931
11289
10948
12206
11931
11931
13059
11937
11841
11931
11931
11937
11315
11875
11984
11875
11875
12869
11875
11875
12720
12493
11875
11875
11875
12425
11875
12608
11527
11289
11608
11394
14062
12876
11937
11394
11538
11394
11984
12869
12818
11984
12013
11428
11941
12332
12779
12720
11669
11289
12341
11578
12779
11906
11263
11906
12013
12013
12214
12332
12442
12072
11937
11695
11906
12544
12124
13063
12013
12124
12013
12124
12206
12720
12682
12682
11937
12169
12013
12608
13341
12876
11875
11557
11557
11841
11278
12341
11841
11289
10720
11289
11289
11701
11394
11984
11289
10990
11289
11605
11605
11701
11937
11554
11289
10779
11059
10862
11226
11695
11394
10987
10282
11289
11059
11411
11429
10990
10617
11059
10751
10751
11538
11818
10990
10751
11059
10860
10779
11059
11538
10990
11059
11059
11059
11059
11059
11289
10990
11059
11032
7189
7274
7488
7353
7410
7671
8716
8539
8539
8315
8539
8308
8539
8539
8539
8539
8487
8361
8779
8726
8907
8726
8726
8809
8783
8783
8926
9061
8926
9095
9129
9178
8926
8931
8934
8876
9051
9204
8931
9147
8946
8945
8934
8776
8539
8639
8639
8694
8776
9051
8826
9061
9496
9496
9783
9776
9565
9565
9116
9496
9206
9308
9308
9932
9116
8809
8726
8809
8809
9121
9201
9091
9129
9565
9496
9496
9245
9147
8948
9178
8926
9061
8688
9051
9171
8926
9040
8948
8945
9051
8926
8783
8726
8809
8779
8639
8823
8539
8639
8783
8539
8639
8539
8539
8779
8639
8539
8639
8809
9051
8783
8783
8639
8539
8539
8783
8726
8639
8539
8438
8143
8308
8596
8539
8539
8538
8751
8723
8487
9091
8639
8539
8539
8779
8487
9095
8539
8639
8539
8639
8539
8308
7989
7931
7931
8339
8138
7931
7805
8138
8138
8308
8245
7990
7990
7776
7776
8138
8208
8051
8051
8138
8138
7955
7776
7776
7638
7738
7847
7638
7558
7638
7539
7558
7405
7405
7405
7405
7372
7341
7487
7776
7525
7501
7373
7463
7487
7539
7520
7631
7638
7487
7497
7575
7575
7638
7671
7263
4315
18460
17460
16529
15779
17790
16944
17023
15529
15086
15779
16082
15779
15536
16783
15779
15783
15779
15779
15779
16082
16082
15779
15779
15779
17081
16278
18032
18032
18174
16944
17081
21009
17776
17081
16529
16937
18032
18032
18032
17013
17013
17081
17558
17081
17013
17013
17081
16783
17365
16529
17342
18032
18032
18032
19046
19579
19400
17680
17990
17990
17081
18480
19070
19596
17082
17081
17081
17081
17082
17081
17790
17635
18032
18174
18032
17600
18174
17600
17680
16783
16783
16783
17081
17081
17383
16783
16529
16342
17081
16809
16783
16529
17081
16507
16215
16529
16342
16082
16082
15779
16082
15525
16082
15460
15460
15990
15970
15411
16783
17081
16937
16529
15460
15282
15779
16082
15779
15529
14278
14342
14342
15024
15779
15529
15783
16783
16783
16529
16082
15862
15779
15779
16287
16231
15053
14962
14986
14986
14892
15779
15053
14193
13937
14081
13937
14493
14093
13720
13699
14206
13876
14196
13809
13809
13990
14059
13809
14025
14025
14025
14025
14059
14025
14086
13809
13783
14025
14070
14341
14025
13876
13876
13876
13876
13783
13783
13876
13783
14341
13783
13962
14206
13860
13860
14041
13783
13860
14206
13980
13980
14206
14341
13086
13937
14025
14025
14539
13988
13988
10062
9741
9694
9341
9375
9356
9932
9361
9539
9510
9932
9375
9510
9932
9510
9496
9147
9204
9496
9783
9783
9308
9308
9783
9684
9496
9932
9776
9932
9932
10062
10308
9921
9921
9932
9921
10282
10282
9921
9921
9932
9921
9921
9476
9539
9932
9539
9932
9932
9921
9932
9921
10282
10597
10692
10617
10282
10341
10282
10539
10341
10341
10206
10539
10449
9932
9510
9932
9932
9932
9932
9932
10062
10617
10509
10308
10062
10062
10062
9932
9932
9932
9932
10062
10206
9932
9932
9932
9932
9921
9921
9932
9932
9932
9375
9428
9271
9171
9245
9394
9341
9492
9480
9341
9320
9147
9139
9479
9697
9539
9608
9539
9230
9147
9147
9487
9178
9115
9115
9115
8639
8948
9147
9040
9040
9040
9040
9129
9308
9490
9178
8882
9091
9321
9539
9612
9404
9253
9287
9361
9321
9308
9178
8779
8779
9361
9147
9091
8751
8934
8934
9321
9321
8934
9091
8639
8948
9155
9321
8948
8926
8677
8639
8639
8539
8779
8308
8539
8539
8308
8308
8138
8208
8245
8208
8208
7990
7990
7786
7868
8245
8308
8051
8051
8383
8245
8308
8138
8138
8143
8315
8697
7868
7957
8138
7990
8051
8005
7868
11289
10617
9921
9921
9932
11059
10792
10617
9932
10062
9932
10282
10539
11059
9921
9932
9932
9932
10282
10617
10617
10509
9932
10308
10617
11009
11289
11289
10533
10862
10990
11059
11059
10617
11059
10751
10776
10751
10617
10751
11059
10860
11009
10751
10860
11023
11059
11025
10990
10860
10751
10860
10860
11149
11394
12013
11937
11289
11937
11149
11059
11937
11937
11937
11289
11059
11013
11059
11149
11575
11394
10860
11263
11013
11721
11554
11546
10967
11059
11013
11937
11059
11059
11394
10990
10860
11059
10282
10751
11059
11059
11059
10751
10751
10282
9932
10282
10617
10539
9510
9921
10062
9932
10341
10062
9921
9496
10062
10062
10539
11009
10617
9779
9921
9921
10341
9921
10062
9921
9779
9539
9510
10282
10341
9921
10617
10539
10282
9776
9921
9776
10282
10282
9918
9434
9434
9530
9776
10062
10282
9932
9147
9147
9147
9308
9487
9480
8976
8948
9308
9118
9487
9051
9496
9356
9147
9115
9321
9245
9308
9321
9321
9147
9146
9201
9040
9171
9040
9321
8783
9091
8639
9040
9040
9040
8639
8539
8411
8439
8342
8783
9113
9113
8639
9113
9051
8639
9113
8787
8751
8779
9051
8288
8539
8639
8639
8639
8639
8639
13860
10617
10694
10539
10062
10341
10282
10411
10282
10282
10282
10341
11049
10617
10588
10341
10282
10341
11049
11009
10948
10282
10282
10751
11289
11289
11984
11578
11695
11428
11931
11931
12010
10963
10990
10751
11289
11449
11102
11059
11300
11428
11059
11059
11149
11059
10816
11059
11119
11059
11984
11289
12010
12581
12682
12013
11937
11937
11841
11906
11289
12783
11941
11941
12020
11377
11059
11059
11289
11289
11081
11289
12682
13041
12013
12013
11984
11701
11765
11701
11289
11289
11667
11394
11931
11931
11328
11289
11701
11400
11081
11289
11394
11394
11394
11059
11059
11059
10792
10792
10779
10751
10776
11059
10751
10539
10541
10751
10990
11059
10860
10751
10062
10282
10751
10751
10751
10751
10086
9776
9932
10617
11059
10948
10751
10581
10282
10751
11059
11023
10282
10282
9921
10751
10282
11059
11009
10608
10617
10411
10282
10282
9924
9510
9924
10282
10062
9924
9932
10062
9921
10617
10062
9921
9924
9539
9932
10617
10751
10062
10282
9921
10341
10282
9932
9932
10062
10062
9921
9921
9932
9496
9539
9178
9178
9147
9496
9040
9147
9147
9496
9321
9321
9565
9539
9321
9321
9206
9139
9245
9615
10062
9147
9178
9125
10062
9321
9578
9776
22090
22090
20460
18790
19400
20460
19400
19360
19360
19070
19360
18600
19400
19400
19360
19100
19360
19360
18174
19360
19360
19360
19360
19360
19298
19496
19596
19596
19596
19596
19400
19400
19360
19469
19840
19670
19360
19100
19590
19590
19852
19298
19670
19585
20400
19984
19860
20151
20151
19984
19596
20004
19984
20151
20151
20151
20151
20151
19681
19271
19360
19279
19279
19596
19596
19146
19070
19271
19596
19100
19100
19146
20460
21009
21009
19860
19596
19596
19400
20002
19596
19596
19596
22090
19984
20007
20007
19891
22090
22090
22090
20007
19860
19984
19620
19499
19499
19499
19670
19360
19400
19100
19400
19360
18913
19100
19070
18913
19074
21009
20190
19360
19360
19360
20151
19596
19360
19360
19360
19360
17275
18032
19360
19596
19360
19400
19360
19360
19360
19235
19360
19360
19100
19100
18174
19070
19360
19360
18702
19400
18032
19360
17081
17059
17034
18032
17081
16529
17081
17034
17460
18032
17365
17013
16988
17013
17013
18032
18032
18032
17013
17013
17013
17013
17013
17013
15779
16082
16529
16082
16082
15779
17081
16231
15779
15779
15891
15751
15779
15383
15779
16342
15783
15779
16529
16529
16231
15779
15529
15779
15779
16082
16231
15529
15499
15779
15876
15342
15876
9779
9969
9496
9779
9095
8934
8783
8539
8138
8439
8639
9249
9779
9095
8948
9428
8639
8639
9147
9565
9565
8726
8926
9776
10062
10751
10792
10948
10282
10533
11289
11289
10779
10062
9783
9051
10062
11059
10282
9496
9147
10062
10062
10062
10062
10062
9510
9492
9147
9487
9245
9510
9779
10694
10692
10617
10062
10617
10282
9932
9932
10539
10566
11155
9918
9932
9932
10447
10726
11159
10301
9568
9716
9959
11283
10726
11159
10301
11578
11059
10617
10617
10694
10341
10509
9779
10539
9539
9530
9510
9510
9510
9496
9496
9206
9321
9321
9321
9178
9147
9201
9147
9321
9321
8862
8990
9233
9139
9496
9492
9487
9129
8926
9091
9308
9139
9178
8926
8539
8539
8539
8639
9040
9147
9113
8950
9040
9361
9539
9918
9095
9095
9341
9496
9154
9206
9147
9168
9233
9308
8926
8539
8539
8539
8539
8677
8539
8539
8341
8308
8539
8779
8277
7975
7975
7969
8143
8143
8245
8539
8539
8539
8539
8639
8315
8143
8308
8308
8361
8208
8138
8051
7879
7911
7957
7776
7776
7776
7776
7776
8051
8051
8245
8375
8138
8138
8208
8697
8926
8639
8639
8639
8051
8138
8639
8639
8639
8447
8639
